10
5 7
4 10
10 1
3 6
8 5
3 9
8 7
10 6
8 2
8 3
4 6
7 6
9 7
2 7
6 8
8 9
5 6
9 6
3 5
5 9
2 9
2 5
7 3
6 1
2 6
4 1
2 3
0 0
10 3
20
7 17
8 11
13 8
6 8
6 20
9 14
16 15
7 5
4 2
10 4
12 2
19 16
8 19
14 20
3 1
10 19
18 5
16 3
18 16
0 0
17 1
30
6 23
30 25
26 23
26 8
18 3
30 11
23 8
12 24
16 25
19 20
23 29
26 29
11 22
23 4
6 24
28 29
4 10
19 9
27 28
9 20
21 23
13 22
24 14
22 30
5 23
29 27
14 28
10 26
16 19
21 26
25 17
1 14
27 23
10 8
3 19
8 21
8 27
27 5
29 12
7 25
11 17
3 23
8 14
3 26
14 3
30 19
18 14
3 28
22 17
28 4
21 5
25 3
21 24
9 3
13 3
10 27
16 9
24 23
9 13
10 24
29 21
30 13
11 3
13 20
29 10
12 5
21 27
3 4
10 6
12 3
11 25
26 27
6 18
3 17
13 19
25 9
16 22
21 10
25 13
27 4
20 16
28 26
30 16
7 19
7 3
23 28
18 23
10 23
8 4
5 18
5 28
30 7
24 5
3 8
16 7
9 22
18 8
28 18
3 10
24 8
18 10
18 29
21 4
12 18
28 12
26 4
20 30
10 14
4 18
6 21
21 18
12 27
6 29
6 14
5 26
28 21
7 13
8 28
3 20
9 30
5 4
13 16
11 13
20 17
12 8
3 21
11 9
2 14
28 24
26 24
7 20
6 28
27 6
27 24
14 21
15 1
21 12
5 14
12 23
25 19
3 29
12 10
26 18
4 6
24 4
3 30
19 22
5 10
12 6
2 1
4 14
22 3
17 13
15 2
20 22
17 7
29 8
6 8
8 5
3 6
17 30
19 11
7 11
27 14
26 6
18 27
12 14
16 3
10 28
16 11
15 14
20 11
14 26
29 14
20 25
16 17
3 24
22 7
25 22
9 17
29 5
12 4
19 17
6 5
29 24
9 7
27 3
4 29
12 26
3 5
24 18
23 14
0 0
2 1
40
22 10
19 32
27 36
7 26
38 36
3 15
3 27
22 4
24 38
33 25
5 17
19 11
9 36
36 16
27 6
1 24
20 39
34 4
29 11
8 3
1 8
28 40
17 24
10 21
34 16
3 10
34 27
37 3
3 1
32 15
27 10
3 38
28 9
37 14
22 5
31 27
28 22
11 13
9 34
6 17
12 19
10 36
6 5
16 5
3 7
8 9
21 8
21 3
27 5
15 13
10 40
31 23
28 34
15 7
28 2
37 29
29 30
36 17
32 18
7 37
21 24
4 21
14 30
22 8
40 38
27 8
3 34
37 13
25 3
38 5
12 14
13 33
9 6
8 16
15 12
20 30
8 28
30 35
30 33
10 38
5 24
40 8
3 16
28 10
6 1
22 9
24 36
16 17
34 2
27 40
9 17
17 4
21 38
37 12
9 5
1 40
23 27
16 21
34 21
5 28
40 3
5 8
7 33
13 14
17 38
11 37
1 21
3 18
21 6
16 10
28 21
21 36
4 27
38 1
40 5
34 10
24 2
13 29
30 15
33 19
12 11
36 4
25 12
11 32
16 28
6 36
25 32
12 29
2 9
10 5
40 9
10 1
7 32
9 38
28 6
27 28
16 22
1 27
27 38
24 22
22 2
8 4
36 1
5 3
40 22
29 32
30 25
30 11
40 4
19 7
7 13
14 25
26 11
19 13
40 21
3 17
10 4
12 32
27 2
18 12
38 34
6 40
19 29
2 8
8 17
17 2
34 24
29 14
3 26
38 6
18 15
10 6
4 24
29 26
9 1
18 26
28 38
25 19
3 4
25 11
27 24
19 18
2 40
17 27
32 26
35 20
34 6
14 11
38 16
36 5
32 37
25 29
22 1
3 32
14 18
1 34
3 13
17 22
17 34
36 22
15 37
2 38
19 30
12 33
13 18
22 3
21 5
9 3
16 24
26 13
12 26
15 25
12 7
21 22
11 7
33 37
14 32
6 16
8 24
30 37
6 24
6 3
19 14
37 19
2 5
10 24
1 17
29 18
30 26
1 28
34 36
21 2
28 17
4 16
30 7
15 26
35 39
30 3
27 16
3 12
15 11
13 12
26 25
7 25
14 33
33 29
15 33
34 8
30 32
15 19
12 30
4 5
24 28
17 40
24 9
13 32
16 2
16 1
10 9
3 19
40 36
3 11
22 34
10 2
3 24
34 40
11 33
39 30
37 18
5 34
4 28
18 25
4 2
29 3
2 3
7 18
30 18
19 26
33 32
8 38
9 4
25 13
15 14
9 16
6 2
1 2
10 8
36 2
9 27
28 36
11 18
17 21
3 33
6 4
24 40
27 22
14 3
29 15
27 21
3 28
21 9
5 1
36 8
8 6
14 7
22 6
30 13
16 40
1 4
29 7
26 14
37 25
10 17
38 4
33 26
37 26
36 3
33 18
22 38
0 0
14 39
50
37 8
42 11
38 42
17 49
38 18
9 31
29 49
44 1
48 34
46 19
31 49
28 46
43 1
46 11
41 8
3 32
28 38
32 30
14 9
1 36
4 27
32 9
8 4
7 6
29 32
27 23
33 12
46 42
26 5
2 22
9 26
40 16
14 49
24 13
14 13
29 24
30 9
16 27
23 4
24 31
35 21
47 33
16 19
25 20
40 18
17 5
18 11
26 35
8 10
37 44
15 27
23 41
50 6
39 25
31 13
25 10
49 35
13 35
12 47
32 21
19 38
30 29
35 24
10 4
39 20
27 19
7 19
19 6
32 48
49 26
13 49
18 28
18 19
21 3
22 20
41 4
18 27
20 2
10 27
47 21
23 25
14 5
16 50
50 19
32 13
48 8
10 39
17 24
43 8
50 40
48 1
36 8
47 45
40 28
18 7
13 5
3 13
41 22
25 27
32 17
16 6
5 21
15 8
3 30
8 44
24 47
41 27
23 22
34 8
44 48
2 8
25 2
32 1
31 30
29 9
44 34
45 12
37 32
50 46
27 50
39 8
23 10
11 19
44 32
5 32
15 22
7 38
20 15
13 9
17 29
24 9
40 19
47 14
27 2
6 42
36 34
26 24
35 14
31 26
29 31
7 27
5 24
25 8
11 38
40 11
14 26
40 46
36 48
44 36
40 7
16 38
10 15
10 20
2 41
42 40
42 16
27 8
32 26
9 47
7 16
35 5
14 21
31 47
20 8
38 6
2 10
40 6
49 32
35 31
15 23
20 41
10 41
47 5
38 50
47 13
14 24
46 7
36 37
32 35
10 22
3 17
42 28
35 17
30 35
5 49
29 21
39 15
27 28
30 47
46 16
11 27
30 49
27 38
26 30
6 46
37 43
3 47
41 39
30 14
6 27
3 49
32 47
30 24
21 13
25 4
15 2
45 33
4 20
11 16
7 28
30 21
5 3
11 6
47 35
47 29
43 44
34 32
49 47
28 50
6 18
49 9
3 31
14 31
29 26
21 9
29 5
36 32
1 8
4 39
43 36
28 11
25 15
6 28
7 11
26 21
9 35
21 17
50 11
29 14
40 27
46 18
39 27
5 9
30 5
40 38
17 9
16 28
32 31
19 28
50 7
23 8
46 38
24 49
14 3
34 37
34 1
18 16
27 22
35 3
17 13
18 42
32 8
47 17
24 3
37 48
42 7
4 22
49 21
24 21
42 50
34 43
42 27
4 2
3 9
31 21
15 4
39 2
37 1
22 25
25 41
26 47
24 32
26 13
3 29
14 17
13 30
26 17
20 23
43 32
17 31
29 35
39 23
19 42
50 18
27 46
5 31
32 14
43 48
29 13
3 26
41 15
8 22
22 39
2 23
17 30
27 20
0 0
14 45
60
18 42
1 11
44 52
2 1
33 14
6 32
55 39
34 51
41 55
30 34
59 49
57 35
10 36
30 37
41 44
38 19
54 19
42 58
17 18
13 23
30 28
51 47
50 1
50 59
43 32
22 49
49 15
2 50
4 30
3 27
47 30
60 39
40 44
23 55
57 52
42 57
6 21
30 54
7 54
37 28
47 28
42 40
17 52
36 18
48 6
56 60
47 37
13 42
50 54
5 15
19 15
41 40
23 44
41 10
39 27
11 30
30 59
42 60
19 22
39 17
18 52
38 8
31 57
9 21
40 55
49 19
12 23
54 5
55 60
31 60
50 25
57 10
18 27
1 54
15 30
59 1
50 15
57 60
50 38
52 36
57 13
46 47
13 18
14 55
12 60
38 2
9 48
31 17
13 31
18 56
23 17
54 45
13 27
4 37
39 14
43 53
36 57
44 14
48 33
38 7
44 60
13 56
55 12
60 58
49 7
36 35
33 9
54 38
52 31
40 60
23 39
17 41
10 35
3 42
25 5
47 24
24 4
22 59
40 52
6 43
24 37
6 33
30 49
58 3
40 13
7 5
17 40
50 30
45 11
31 3
58 14
31 58
58 13
52 58
23 58
25 49
44 39
17 3
42 14
36 55
57 55
5 49
58 56
11 7
10 23
25 19
1 19
12 40
13 52
41 13
59 5
11 38
35 41
40 58
3 40
41 52
45 22
35 44
54 59
22 25
11 2
52 23
56 23
60 36
40 39
5 11
2 59
31 10
40 57
2 30
57 44
60 52
10 55
15 22
45 7
51 46
60 10
44 17
14 21
60 23
55 35
5 22
30 51
58 41
52 12
49 54
38 20
55 17
10 52
42 56
32 9
25 45
4 47
57 12
37 43
40 27
15 11
31 39
58 18
45 1
52 39
3 52
41 42
23 31
52 56
27 42
50 22
30 7
31 18
31 14
45 59
44 36
40 14
42 39
30 24
35 17
7 1
57 41
39 13
22 11
52 42
35 23
60 27
14 32
38 49
58 36
1 30
43 29
23 57
52 55
4 51
18 39
58 27
41 39
27 52
10 13
32 33
36 3
37 46
29 14
27 14
49 1
27 41
37 26
36 13
39 56
25 2
23 27
36 31
18 40
3 13
44 56
13 35
56 3
10 58
19 45
39 36
12 3
5 30
31 40
12 17
5 45
10 14
17 58
42 17
12 44
58 55
53 26
42 23
39 3
45 50
20 16
30 25
11 50
55 31
40 56
22 7
24 28
56 14
9 29
38 45
56 35
13 14
43 14
36 23
1 38
41 60
14 3
42 35
1 5
44 18
48 29
51 37
36 42
13 44
1 22
33 21
21 32
19 50
57 58
43 21
12 39
2 7
25 15
14 6
14 52
25 59
44 27
27 17
60 35
19 30
13 55
40 36
5 19
11 54
56 36
55 42
46 4
45 49
3 60
59 38
1 25
31 42
39 58
9 14
3 55
15 45
39 10
40 23
10 3
38 25
14 41
5 50
37 34
14 18
27 35
57 3
58 44
2 45
12 42
12 27
19 59
23 14
21 29
14 36
56 41
7 15
28 51
31 56
17 57
37 53
7 25
12 14
43 26
29 32
34 28
12 18
40 35
48 21
29 33
48 14
31 12
60 18
18 57
32 48
55 27
35 39
27 36
36 41
15 38
31 41
54 15
46 34
22 2
7 19
59 11
17 56
5 2
11 25
41 23
3 35
14 60
18 35
42 44
24 46
35 52
56 12
56 57
41 18
23 18
4 28
40 10
16 8
58 12
54 2
17 10
22 38
13 17
10 12
12 36
9 43
34 4
10 18
3 18
55 18
46 28
49 11
27 57
38 16
12 35
45 30
30 22
56 27
51 24
15 1
10 42
31 44
31 27
29 6
17 60
25 54
50 49
36 17
44 55
50 7
12 41
35 58
12 13
22 54
34 24
35 31
47 34
49 2
2 15
30 38
41 3
5 38
56 10
57 14
15 59
43 33
27 10
59 7
35 14
2 19
57 39
11 19
60 13
30 46
20 8
17 14
56 55
3 44
10 44
48 43
6 9
3 23
0 0
49 8
70
26 27
38 47
29 1
58 13
3 57
40 47
23 26
61 5
12 34
66 11
69 63
40 54
14 12
13 8
66 43
55 66
6 47
46 19
23 18
25 14
21 31
23 59
28 4
11 47
18 59
6 11
7 1
50 68
53 50
57 46
54 33
5 17
24 57
24 17
17 14
45 56
51 29
6 56
1 39
12 3
48 45
64 9
5 46
64 8
12 19
15 45
48 56
27 11
27 23
35 26
1 58
26 18
20 46
15 54
61 3
20 14
55 56
67 1
15 62
32 58
9 58
45 54
31 53
16 26
56 66
14 32
58 34
6 38
4 41
5 24
17 32
62 47
27 18
27 59
41 64
63 29
4 9
11 70
46 24
19 17
55 43
44 68
24 34
31 2
41 58
14 5
61 32
25 3
33 11
15 43
45 6
53 30
70 56
43 48
49 28
56 47
17 12
52 22
42 26
46 32
56 40
10 39
33 43
5 32
42 11
24 20
15 6
20 61
20 58
35 23
7 39
24 3
47 33
24 19
36 68
33 62
43 56
12 65
40 62
1 10
30 50
18 31
15 22
27 16
6 43
46 25
2 18
33 6
13 49
11 55
40 45
4 67
11 59
68 12
38 62
20 19
28 41
61 14
42 16
38 54
63 39
60 1
33 15
54 56
62 56
58 64
23 16
9 8
10 63
12 5
32 57
2 21
37 22
42 59
33 55
28 1
70 66
19 5
60 39
5 25
51 7
29 7
46 12
20 17
14 24
25 58
64 67
61 57
62 66
70 43
28 13
29 10
5 58
69 51
4 13
3 20
47 45
54 55
47 70
31 65
69 60
29 39
33 66
11 62
68 31
3 32
48 33
35 18
1 49
65 36
43 38
57 58
70 55
70 54
34 19
66 45
4 49
28 9
63 60
40 66
44 12
33 40
33 70
11 26
23 11
30 65
47 15
38 70
35 42
67 13
16 59
58 14
35 11
12 20
35 27
8 4
62 55
12 25
37 15
9 67
68 53
67 49
10 60
70 6
50 12
55 40
47 48
43 47
45 38
58 46
23 42
17 57
38 33
4 64
57 25
13 41
68 65
54 43
61 34
34 25
9 41
15 52
45 43
1 4
17 34
48 66
12 30
5 3
46 34
48 38
64 1
55 47
43 40
20 34
40 38
24 12
61 58
49 58
9 13
51 1
62 48
55 15
59 35
31 50
14 46
16 35
61 12
43 11
61 17
19 14
31 30
12 31
18 11
32 20
48 54
11 40
11 38
15 66
3 17
14 3
11 54
49 64
34 5
13 64
51 39
27 42
58 3
48 15
54 62
51 60
32 25
17 25
15 40
50 65
45 62
19 57
69 1
14 34
44 30
58 4
5 20
19 25
48 6
1 41
13 1
18 16
53 44
58 12
33 45
19 3
69 10
8 49
20 25
28 64
12 36
48 40
46 17
12 53
8 28
58 28
60 29
57 34
8 67
10 51
49 9
40 70
28 67
5 57
24 25
66 38
48 11
62 70
18 21
32 24
63 7
67 58
45 55
65 53
6 40
61 24
49 41
58 8
68 30
43 62
7 10
33 56
31 44
24 58
15 56
56 11
14 57
60 7
45 11
54 6
38 55
66 47
37 52
57 20
69 29
48 55
69 39
31 36
12 57
19 61
16 11
34 3
32 12
50 44
58 17
18 42
8 41
15 38
9 1
67 41
63 1
32 34
36 50
61 25
15 11
69 7
45 70
15 70
3 46
1 8
63 51
38 56
47 54
62 6
30 36
66 54
48 70
53 36
6 66
59 26
32 19
44 36
61 46
6 55
58 19
65 44
0 0
16 55
80
45 59
48 24
46 63
39 20
27 46
42 67
45 27
5 61
8 12
63 21
31 45
33 27
73 53
42 57
28 51
3 41
39 63
70 37
71 26
28 55
73 60
6 25
41 4
12 44
53 37
3 58
30 22
79 52
50 38
70 76
44 45
80 14
73 6
65 74
22 66
21 26
9 36
18 37
41 19
59 21
19 51
7 43
59 24
67 56
1 50
59 20
5 49
53 18
54 24
32 1
32 50
78 18
20 31
51 3
38 2
55 14
55 30
70 1
27 71
79 22
31 12
25 2
25 77
77 78
21 43
79 3
34 3
47 5
5 15
43 45
51 55
41 14
79 41
13 45
15 61
30 51
77 37
37 25
52 19
76 37
39 71
73 70
30 79
38 25
24 44
52 3
8 46
59 31
27 20
62 17
19 79
53 32
3 62
45 46
21 33
50 77
10 23
71 59
30 4
75 50
42 24
45 26
65 42
24 8
13 71
79 80
17 10
7 20
61 50
62 34
72 47
78 25
70 2
44 59
6 76
26 59
29 50
50 70
29 72
41 55
28 14
20 71
21 8
6 2
58 4
3 17
2 32
44 31
63 12
50 60
14 79
18 50
70 77
39 27
8 27
46 59
45 21
63 27
60 25
22 14
26 44
48 54
1 2
45 39
59 13
56 65
70 6
13 44
73 18
35 16
19 28
58 28
48 57
38 76
30 19
24 40
29 47
52 51
2 18
71 8
43 31
29 15
60 53
33 39
21 13
55 58
41 22
5 69
78 38
60 38
50 53
12 7
8 20
4 14
61 47
12 24
80 41
2 37
42 74
55 66
49 47
50 76
2 76
8 39
46 26
66 58
51 41
8 63
78 2
27 21
31 21
48 56
24 33
39 12
66 79
51 80
28 52
67 54
50 6
18 38
61 72
34 10
1 25
53 70
18 32
54 56
55 19
24 56
70 38
3 14
20 63
29 75
53 2
40 65
31 8
1 37
27 26
19 4
64 10
27 44
7 59
17 34
26 63
48 67
71 21
73 37
60 6
22 51
10 5
7 13
3 11
29 5
10 36
46 13
5 72
2 50
1 18
79 55
46 7
76 73
58 52
43 8
50 49
2 77
27 24
71 46
51 66
31 27
80 74
33 20
52 4
9 10
2 73
24 21
80 52
58 80
27 12
74 57
9 23
7 39
20 26
24 67
12 13
78 73
56 74
13 43
31 26
15 72
53 6
53 1
77 38
22 28
4 66
50 78
48 65
76 78
45 71
6 1
45 8
40 42
63 13
34 23
39 59
77 73
56 42
31 63
21 7
3 10
60 70
24 43
11 9
54 57
39 13
3 36
4 22
77 1
80 28
45 63
50 73
51 79
7 63
23 17
60 77
74 67
25 70
40 56
71 31
59 27
23 3
24 46
60 32
45 33
12 26
67 57
64 69
4 55
76 77
21 12
16 37
14 19
43 39
10 69
19 58
66 52
44 71
24 7
4 51
45 20
3 30
46 39
75 61
48 74
59 33
18 60
66 80
63 44
29 49
63 43
30 58
5 64
12 33
74 40
76 53
44 33
38 53
43 59
43 33
43 46
58 14
66 41
44 39
8 44
11 17
13 8
47 15
26 39
49 15
66 14
4 79
33 46
20 21
10 62
54 65
44 43
28 79
32 78
8 26
33 31
79 58
45 12
58 22
6 38
78 53
29 61
80 55
24 20
3 66
44 21
59 8
60 76
44 46
7 8
57 65
52 14
27 7
32 37
67 40
32 38
15 50
24 57
33 7
33 26
1 76
43 26
80 3
71 24
3 9
46 12
34 11
31 7
21 46
26 24
18 6
24 65
36 34
63 59
51 58
35 37
28 66
12 20
74 54
12 71
37 60
11 23
73 25
32 76
24 39
13 24
72 49
6 77
39 31
38 73
52 30
28 3
19 80
22 80
3 19
1 78
13 33
34 9
67 65
18 77
20 13
33 8
32 73
16 68
25 50
63 71
13 26
63 33
6 32
78 70
28 41
57 56
32 25
18 25
35 68
66 19
80 30
40 57
41 52
78 6
14 30
20 44
28 4
36 17
23 62
41 58
77 32
24 31
3 22
72 50
45 24
32 70
54 40
62 11
53 25
75 49
28 30
37 6
50 37
31 46
22 52
27 43
71 7
51 14
38 1
55 3
63 24
61 49
60 1
12 43
7 26
9 17
36 62
50 5
75 15
72 75
13 31
33 71
80 4
24 74
45 7
3 4
18 76
41 30
48 40
73 1
23 36
50 47
19 22
12 59
13 27
43 20
5 75
66 30
2 60
18 70
44 7
11 36
43 71
55 52
76 25
10 11
54 42
60 78
21 39
78 37
38 37
42 48
20 46
22 55
47 75
77 53
37 68
9 62
0 0
38 16
90
1 18
9 18
62 13
12 45
63 52
86 48
50 10
8 20
90 39
2 12
75 40
79 2
42 25
12 52
52 2
42 33
84 45
22 50
79 13
78 31
20 81
7 72
66 72
3 22
48 68
31 72
84 50
65 17
40 17
88 82
12 5
88 76
31 88
19 76
86 9
70 65
54 37
86 79
48 38
71 23
84 1
43 36
27 29
22 62
61 75
68 17
47 49
2 55
30 36
3 63
39 53
52 48
58 53
58 36
79 50
87 7
4 1
54 33
19 67
81 36
90 53
11 87
79 61
75 3
76 7
86 50
29 19
44 48
38 49
76 32
25 37
65 22
48 49
19 16
14 42
10 70
4 61
65 13
16 87
3 40
36 46
62 17
64 66
89 36
80 56
84 10
64 72
55 22
66 87
12 74
17 55
5 18
65 52
76 6
83 78
42 57
54 25
52 10
30 46
29 41
5 79
4 3
58 46
79 75
51 81
8 34
45 3
4 22
74 65
17 45
4 68
11 31
8 39
22 5
37 14
55 48
86 22
22 10
53 43
16 72
61 5
10 75
64 7
19 11
90 36
60 27
31 6
87 78
23 48
50 9
22 45
44 38
52 84
79 4
68 10
80 71
18 40
10 9
63 75
72 82
55 5
4 9
11 76
27 35
62 70
9 22
29 26
61 62
48 2
64 83
54 73
69 26
29 60
7 66
40 52
37 42
55 61
67 26
31 19
83 19
13 40
63 9
14 54
12 55
15 90
49 56
19 78
74 48
4 13
53 57
10 13
12 1
88 87
9 74
58 20
84 70
19 60
83 59
64 6
40 1
68 75
65 55
7 11
62 68
55 9
3 62
81 58
10 1
5 52
85 33
1 70
62 74
18 48
10 4
30 34
9 62
82 83
7 6
74 55
66 88
43 39
87 31
88 59
46 51
86 55
59 82
51 30
65 61
78 76
36 20
12 86
26 19
72 59
71 56
89 90
73 33
35 33
53 8
68 3
52 22
40 62
52 13
16 66
8 51
18 86
70 63
44 56
12 50
75 84
85 54
70 5
10 86
75 86
52 18
63 40
89 53
13 17
90 8
38 47
76 66
56 47
65 48
88 7
43 51
50 74
74 2
37 73
3 52
8 57
2 70
83 87
18 70
89 34
47 44
10 40
44 80
73 14
65 79
49 44
68 40
64 78
19 72
23 49
57 89
14 85
30 20
85 57
84 9
15 48
63 62
22 2
82 76
13 55
40 50
33 14
23 38
83 72
58 89
49 80
61 2
13 1
17 50
22 13
17 63
26 35
79 55
69 35
68 55
84 12
46 90
73 42
50 45
46 39
13 2
6 19
74 70
22 12
65 3
70 61
8 46
52 4
34 43
18 45
4 48
29 67
15 56
33 25
84 68
57 51
50 65
13 68
17 79
2 45
58 8
82 7
45 9
83 7
63 5
45 62
13 75
68 52
6 83
17 2
12 3
66 11
58 51
90 43
86 3
57 30
67 69
84 18
66 6
81 90
41 19
46 34
81 46
20 34
18 13
53 46
13 9
18 2
45 74
22 79
63 13
62 48
50 68
78 72
48 1
40 61
13 45
45 1
9 17
20 46
50 13
18 22
70 40
86 4
6 78
67 60
5 9
17 4
90 57
48 22
66 59
34 39
74 40
42 85
79 18
15 23
89 8
61 9
64 76
40 65
71 48
40 84
17 10
45 61
31 76
4 5
2 40
75 5
10 45
52 9
45 63
68 9
20 57
40 79
35 41
55 63
87 72
71 44
61 3
6 88
76 87
43 8
62 5
75 62
54 57
2 3
9 3
89 51
2 1
25 85
45 79
61 84
70 9
23 47
55 84
52 61
17 18
76 24
72 88
65 10
3 13
16 31
11 88
12 48
68 5
85 73
13 61
13 5
1 75
24 77
83 11
13 74
43 46
17 3
15 80
86 74
67 41
16 11
50 52
31 83
55 75
84 17
75 45
3 84
47 80
79 70
9 1
10 5
72 6
11 64
41 26
43 58
75 9
37 57
69 41
18 3
63 10
71 38
35 19
9 65
86 40
63 61
9 79
48 9
35 60
50 70
59 87
59 11
12 62
7 59
74 63
52 55
65 5
81 57
5 40
3 74
4 65
4 63
74 68
4 12
55 10
80 38
86 62
25 57
48 17
27 67
75 65
12 68
50 61
18 61
55 70
18 50
76 16
22 75
48 63
65 84
38 56
10 62
17 52
19 59
66 82
88 83
61 1
45 68
55 45
55 3
29 69
81 53
44 23
63 22
5 2
13 84
65 1
11 78
25 14
5 1
17 75
62 50
16 6
73 57
2 68
84 2
81 39
40 9
48 84
56 23
64 82
34 51
65 86
43 57
84 62
64 16
40 4
76 72
2 9
68 70
18 63
45 86
58 39
33 21
36 8
81 43
79 1
90 34
47 15
68 65
19 69
57 36
20 39
59 16
1 3
63 84
40 55
52 86
14 57
30 53
88 64
4 75
76 77
75 52
70 48
30 43
35 29
59 6
36 39
45 40
3 5
7 78
62 18
20 43
41 27
25 73
59 78
37 85
70 52
11 6
4 84
89 39
2 50
12 18
88 78
20 90
3 10
68 79
82 19
1 68
53 20
74 22
17 1
78 82
40 22
12 70
60 69
30 81
63 68
49 15
90 30
86 2
20 89
35 67
6 82
63 12
18 74
52 45
10 61
39 30
58 30
38 15
71 47
63 79
72 11
63 65
57 33
36 51
18 75
66 31
17 86
79 12
89 81
16 88
35 21
71 49
10 79
1 86
2 10
53 36
64 31
20 51
5 17
7 16
68 61
26 27
55 18
24 32
64 59
75 74
80 23
75 50
43 89
48 47
35 28
3 79
16 83
48 80
10 18
32 77
82 11
57 58
66 83
36 34
86 84
53 51
3 70
31 59
78 16
12 9
19 64
76 83
27 69
18 68
70 86
17 61
2 62
16 82
4 2
39 51
28 33
66 19
1 50
1 62
61 86
50 5
17 70
45 5
63 2
17 74
4 55
10 48
4 74
55 62
22 70
1 22
66 78
34 57
59 76
56 48
5 48
84 22
60 26
1 63
3 48
22 61
48 50
13 86
8 81
62 4
12 40
17 22
60 41
90 51
61 12
6 87
2 65
86 63
75 12
5 74
1 55
46 57
39 57
79 74
79 48
1 52
82 87
79 62
71 15
74 52
86 68
89 46
18 4
68 22
52 62
21 28
82 31
75 70
88 19
61 74
65 45
45 48
30 89
50 63
19 7
27 19
8 30
44 15
12 65
4 70
19 87
12 17
70 13
34 53
31 7
75 2
74 1
45 4
34 58
84 74
12 13
58 90
79 52
65 18
84 79
5 86
10 12
33 37
61 48
48 40
70 45
3 50
84 5
42 54
48 75
10 74
87 64
55 50
62 65
50 4
13 48
34 81
0 0
32 87
100
62 59
78 25
15 98
71 77
29 56
99 29
8 32
33 61
45 58
61 43
77 58
54 36
4 85
45 51
10 16
99 96
79 25
40 31
22 77
96 100
29 18
22 71
68 91
58 63
63 31
73 45
78 58
46 21
46 7
12 50
96 70
59 13
73 78
91 63
32 17
15 40
34 96
25 45
17 78
79 98
77 32
61 24
94 37
17 100
48 87
54 26
7 19
48 46
100 70
99 42
74 95
99 23
96 29
14 55
62 46
55 34
20 14
55 31
59 82
31 91
32 91
54 16
23 91
15 77
100 91
31 92
2 79
100 31
80 31
88 71
69 46
56 80
77 42
85 69
46 59
88 17
70 31
84 75
55 73
62 69
80 45
14 91
80 79
40 29
32 88
35 37
92 79
15 51
15 29
40 88
16 13
45 83
100 83
68 40
9 21
72 10
63 22
85 48
41 36
20 15
82 69
56 8
96 15
90 98
80 70
17 79
69 48
99 92
35 81
79 20
81 38
68 18
18 71
23 73
40 58
42 55
76 10
88 92
51 31
51 68
86 38
88 25
98 32
22 42
32 63
51 100
95 30
83 92
37 75
68 70
17 80
88 58
24 33
56 32
80 78
73 40
18 22
62 11
29 90
7 59
85 19
18 80
17 29
79 18
20 92
99 71
43 24
70 42
14 77
88 78
42 100
22 32
86 39
88 34
71 2
80 20
82 62
16 76
22 90
34 2
52 27
91 40
50 38
14 83
90 17
89 95
26 10
9 62
16 69
17 56
99 14
83 25
20 58
98 34
38 37
18 32
96 55
28 39
97 1
25 100
77 91
69 19
99 63
40 80
45 99
79 99
56 79
56 42
32 40
13 7
92 51
67 89
98 92
77 2
23 51
41 26
91 51
21 53
25 55
8 31
85 21
98 40
12 81
16 62
39 30
92 15
77 56
78 90
75 50
34 15
17 83
17 42
63 55
82 16
90 51
17 31
33 47
51 42
68 20
96 32
48 62
70 22
68 78
92 17
64 27
23 15
49 57
88 79
22 78
78 98
43 66
23 25
29 43
77 31
98 100
73 77
98 91
32 70
78 14
84 12
37 84
76 26
25 56
32 90
23 42
8 15
22 20
18 17
70 14
42 8
24 29
67 38
34 91
90 34
16 19
22 34
25 29
49 43
64 93
15 32
2 45
14 17
92 77
11 48
47 57
98 25
68 34
2 96
9 69
94 5
31 32
34 14
40 8
98 56
77 90
4 9
58 73
42 25
61 66
73 71
63 96
79 91
83 2
40 34
55 45
22 29
53 46
24 60
45 56
5 81
55 20
35 12
70 51
63 98
34 31
55 68
22 40
13 82
2 42
34 77
38 75
76 36
39 67
24 47
73 8
31 2
100 22
59 48
41 10
11 19
44 64
40 51
80 92
19 4
45 23
29 34
93 52
42 73
15 63
2 63
16 21
22 91
40 2
65 76
69 59
71 91
53 4
60 61
8 51
49 66
92 45
63 45
45 17
23 14
40 99
34 51
79 58
15 58
92 56
53 82
70 98
40 20
92 34
15 45
72 16
34 42
78 2
38 95
56 68
84 35
8 45
83 90
71 23
68 63
98 77
81 37
68 100
58 32
20 83
14 98
78 51
46 19
88 14
51 99
46 16
55 8
98 96
32 79
70 34
51 98
98 17
92 40
96 45
20 99
88 31
88 45
83 51
98 73
41 89
71 29
11 4
40 79
80 68
18 42
71 51
58 99
90 20
48 4
70 45
25 20
29 73
37 5
20 98
30 74
100 23
63 23
90 79
77 88
21 19
33 60
8 92
46 9
55 18
8 23
73 31
88 63
62 53
17 40
39 38
60 43
65 16
88 80
82 4
24 57
15 88
71 20
95 86
6 41
71 92
2 55
20 77
94 81
68 90
55 58
20 70
85 7
29 33
38 74
83 99
90 23
68 31
4 69
62 19
15 99
31 45
8 29
50 37
35 38
40 83
26 72
100 20
56 78
34 8
80 83
33 43
73 99
51 18
77 45
14 15
32 34
18 45
84 38
85 13
31 23
88 98
71 100
25 18
2 25
96 51
32 29
80 14
92 42
55 100
47 49
45 22
10 54
80 73
79 68
20 34
56 71
96 78
2 56
60 49
73 20
71 42
57 66
34 63
68 15
40 18
8 58
68 42
25 77
83 42
65 10
70 55
91 73
66 47
21 62
3 6
34 45
56 100
51 25
59 85
78 92
23 70
23 68
80 42
11 69
83 32
63 83
25 32
63 51
75 35
80 90
40 71
60 57
47 43
2 32
20 96
100 63
55 90
42 91
96 77
17 15
53 16
15 56
73 70
96 80
90 8
77 17
60 47
31 18
29 68
13 9
59 9
56 73
99 8
23 55
96 68
70 88
98 99
85 53
74 67
99 2
71 70
36 26
78 20
58 51
82 9
23 29
23 56
82 21
25 90
100 45
55 99
32 68
90 42
51 55
34 58
15 100
51 32
89 3
65 36
79 83
90 2
93 27
68 71
92 100
98 58
8 78
91 70
8 17
86 67
98 31
59 53
66 33
11 53
70 8
20 56
46 4
56 18
90 99
28 86
56 63
98 22
55 71
73 15
63 25
94 44
78 45
17 25
63 92
45 40
15 90
22 58
45 29
49 61
34 80
57 61
94 38
56 34
73 14
79 71
100 77
88 2
29 63
80 32
29 31
31 14
34 78
20 51
83 77
65 41
70 2
78 32
63 14
83 73
40 77
39 74
4 62
20 29
67 28
71 25
74 86
11 13
58 70
78 71
78 15
38 12
83 88
8 77
90 91
73 100
41 76
85 16
42 88
55 83
38 5
7 11
8 25
83 91
86 89
19 82
91 45
91 78
7 9
100 90
8 79
23 40
23 78
25 40
65 72
99 100
61 47
91 92
100 78
40 14
91 55
37 12
52 47
16 36
10 36
14 51
31 96
20 32
34 83
73 51
77 78
96 23
75 94
9 85
2 18
100 34
22 99
80 29
2 91
91 8
76 72
13 48
16 9
56 70
34 23
29 66
29 58
11 46
58 14
73 88
93 44
71 8
45 32
34 73
96 40
68 8
63 8
57 43
26 16
70 79
29 83
46 13
29 42
55 92
21 4
94 93
7 82
42 98
44 27
73 22
63 73
25 80
92 29
81 75
14 71
90 92
32 14
68 92
51 2
99 34
2 98
98 29
9 48
26 65
64 94
66 60
7 21
7 53
91 96
23 80
2 17
55 32
22 8
88 51
38 28
100 40
45 90
50 5
24 66
63 70
92 73
42 78
15 25
70 25
17 58
15 55
27 94
18 70
79 29
58 56
83 31
25 34
32 71
25 58
95 28
85 11
92 22
40 90
34 17
58 83
14 90
71 34
14 25
90 73
16 41
68 98
15 22
99 17
18 23
41 3
98 23
2 23
46 82
18 92
31 90
78 70
89 39
99 18
22 79
68 17
29 77
56 91
89 38
99 91
83 22
51 29
17 55
18 14
25 68
14 29
79 51
88 8
69 21
71 31
91 17
91 25
82 11
14 68
16 48
7 62
49 33
96 73
81 50
28 89
59 4
34 79
31 58
63 42
20 88
58 80
44 52
45 68
24 49
82 48
68 88
88 55
59 21
53 69
14 22
96 79
18 73
90 58
14 45
21 11
31 25
100 79
8 98
13 21
51 17
96 42
80 22
56 83
70 29
63 71
2 29
79 42
30 89
78 99
2 68
58 2
78 31
18 63
83 8
25 99
79 78
29 55
70 15
31 42
72 36
22 68
15 79
94 84
56 40
80 2
55 56
17 96
99 32
40 42
68 58
94 12
63 17
55 22
63 78
56 14
18 88
96 14
50 35
17 23
71 90
12 5
19 13
31 79
23 92
78 83
88 100
92 96
52 64
29 100
100 80
56 22
31 20
13 69
42 58
20 8
15 71
80 63
42 32
69 7
8 100
54 76
30 28
70 77
6 89
92 70
55 78
94 35
79 23
85 62
80 51
17 22
2 100
88 99
19 48
79 77
32 100
90 70
48 97
56 88
70 99
83 18
83 23
84 50
18 34
68 77
83 71
28 74
70 17
14 42
31 15
60 29
91 58
78 40
77 63
71 80
81 84
45 98
80 55
19 59
40 63
49 29
90 96
68 73
18 78
80 91
16 11
7 48
65 54
41 72
68 83
25 73
94 52
33 57
22 96
77 80
92 14
22 25
71 45
63 20
80 8
61 29
88 22
30 86
23 22
48 1
38 30
5 84
14 100
56 99
55 98
13 62
83 70
31 56
18 20
88 23
75 12
90 18
92 32
20 45
83 98
92 2
51 22
59 16
98 71
29 88
97 87
71 96
15 80
18 58
22 2
77 23
23 32
31 22
77 18
77 55
15 42
77 51
96 58
90 56
45 42
20 17
71 58
2 73
15 91
91 20
63 79
85 82
20 23
88 91
94 50
14 79
96 25
4 13
70 40
96 18
2 20
17 71
16 4
79 45
56 96
2 15
9 53
29 78
75 5
90 63
7 4
30 67
48 53
77 99
58 100
96 8
11 9
56 51
14 8
5 35
92 25
58 92
99 68
7 16
1 87
67 95
88 90
29 47
99 80
8 2
73 79
18 91
20 42
29 57
18 98
31 99
83 15
23 58
41 54
39 95
11 59
46 85
13 53
83 96
73 17
80 98
8 18
2 14
88 96
73 32
21 48
54 72
9 19
29 91
89 74
18 15
100 18
19 53
55 79
40 55
0 0
65 87
