90
98 95 91 89 83 76 67 65 65 58 55 49 48 46 45 44 42 41 39 26 22 10 9 4 2 1 -1
100 99 98 94 92 87 84 80 75 71 68 57 56 55 50 48 48 47 44 41 40 39 38 25 22 22 19 8 -1
96 96 94 93 91 91 90 89 87 84 83 82 79 76 75 73 72 70 69 66 66 63 61 59 59 57 57 57 54 53 53 51 50 48 45 45 40 38 37 32 30 28 27 27 27 25 25 23 22 21 21 21 18 17 16 11 10 10 10 10 8 8 6 4 3 1 1 -1
85 77 74 71 38 32 25 23 18 -1
100 100 99 98 98 97 96 94 93 91 90 90 88 88 87 86 86 84 84 83 83 82 82 81 81 81 80 80 79 77 77 76 75 73 72 71 70 70 68 67 66 64 63 62 62 61 59 53 53 53 52 52 51 51 50 48 47 45 44 42 41 41 40 39 38 38 36 36 36 36 32 32 32 31 30 30 27 25 23 23 21 20 19 17 17 16 16 14 12 12 10 10 7 6 5 3 1 -1
98 98 97 96 95 94 89 87 84 83 82 82 77 77 77 76 75 72 71 69 67 67 65 60 58 58 56 56 55 49 47 46 46 44 43 43 42 42 42 41 39 38 38 35 35 34 31 30 27 26 19 18 17 17 14 13 12 10 10 5 5 3 1 -1
99 98 95 95 95 94 94 92 92 91 91 90 89 85 84 83 83 81 79 75 74 71 71 68 68 65 62 59 57 57 56 53 52 52 52 50 50 50 46 44 41 38 35 34 32 32 31 30 28 27 24 23 23 22 21 20 19 15 15 14 12 12 7 6 -1
100 96 96 95 93 93 87 84 83 82 81 80 79 70 70 64 64 62 61 61 60 60 59 59 58 58 56 56 55 55 55 54 54 53 53 52 49 49 49 48 48 48 48 47 44 42 42 38 36 34 33 33 32 28 27 27 26 25 25 23 20 18 16 15 14 12 11 9 9 7 7 4 2 2 -1
99 95 89 79 77 71 71 54 53 52 49 41 35 33 31 24 22 20 13 11 10 5 -1
98 97 95 94 93 88 85 81 80 78 77 74 72 72 69 69 68 63 63 63 62 60 57 57 55 53 49 49 48 46 42 41 41 41 39 37 33 32 32 28 28 28 28 27 25 21 19 12 12 10 9 8 7 6 3 1 -1
100 98 96 96 95 94 94 93 92 92 89 89 87 84 80 77 76 76 75 74 73 73 70 69 66 65 65 62 62 61 61 59 58 57 56 55 54 53 48 48 48 48 43 39 37 36 35 35 34 32 32 31 31 31 30 30 28 27 25 25 22 21 17 17 16 15 12 9 9 5 5 4 4 3 -1
100 100 97 94 93 93 91 91 91 90 89 88 82 80 79 74 74 73 72 68 68 65 61 57 57 56 52 49 48 45 45 44 43 41 41 41 38 37 37 34 32 32 29 28 27 25 24 23 21 20 18 18 13 13 12 12 11 11 10 10 6 2 -1
99 98 97 97 94 92 92 90 88 87 85 79 77 74 70 67 67 67 67 66 66 64 62 62 62 61 60 59 55 54 48 42 40 33 32 32 32 28 27 26 21 21 18 15 14 14 10 9 9 8 8 4 4 3 2 1 -1
95 87 84 78 73 61 58 53 52 42 39 29 25 22 15 13 10 -1
100 100 100 97 79 77 73 73 66 57 57 53 40 39 36 34 32 30 28 27 22 22 17 16 14 14 14 11 7 -1
99 99 97 96 92 89 88 87 86 81 81 80 79 78 77 76 76 75 75 70 67 66 66 65 65 60 58 57 54 52 51 49 49 49 47 46 45 41 40 37 36 35 35 35 32 32 30 28 28 28 25 24 24 23 22 17 16 15 15 12 11 11 9 5 4 3 3 3 2 -1
36 35 30 2 -1
100 100 98 98 97 96 96 96 92 91 89 88 86 86 86 84 80 80 79 75 73 72 72 71 71 70 68 65 64 61 60 59 58 57 57 55 51 48 47 47 46 45 44 41 39 35 35 34 33 30 28 24 21 21 20 19 19 18 18 17 17 15 15 11 11 11 10 10 9 9 7 6 4 4 3 3 3 2 -1
100 100 96 94 94 94 93 93 92 92 91 91 90 88 87 86 82 81 80 79 78 77 76 75 73 72 71 71 70 70 70 68 68 67 66 66 64 62 60 59 59 57 57 55 55 55 54 52 50 49 49 48 47 45 45 44 42 42 39 37 36 36 36 36 34 34 34 33 31 31 30 29 28 27 27 27 27 22 22 21 20 20 20 19 19 18 18 18 10 8 7 4 3 2 2 2 -1
98 93 92 90 83 83 80 76 66 63 59 56 53 48 47 46 44 40 38 36 34 31 24 21 18 16 15 -1
100 96 95 94 88 88 86 85 84 81 80 79 78 78 78 74 72 72 72 70 69 67 67 66 65 64 64 58 56 55 53 53 52 51 45 41 41 40 35 29 28 27 26 26 25 24 22 17 17 16 13 12 7 7 4 3 3 1 1 -1
67 65 62 55 50 46 46 40 35 22 11 9 7 -1
100 100 99 94 88 86 86 83 83 83 83 83 82 80 79 78 77 76 76 76 75 74 71 71 69 69 68 67 67 67 67 65 62 60 60 56 56 54 53 52 49 47 46 44 40 39 39 37 35 32 31 30 29 28 23 21 18 16 16 13 11 11 10 9 8 7 5 5 2 -1
95 93 93 92 88 87 87 83 83 83 81 77 77 76 75 75 75 74 74 73 72 71 68 68 67 65 63 62 56 54 54 52 52 51 49 48 48 47 45 43 42 41 38 37 37 34 34 34 34 30 30 29 29 29 26 24 22 21 19 19 17 16 16 16 15 15 15 14 14 13 13 10 10 10 10 8 8 7 6 5 3 3 1 -1
100 100 98 96 96 92 92 91 91 90 89 88 87 85 84 84 84 84 83 82 81 80 80 78 77 76 76 71 70 69 69 67 64 63 62 62 61 59 59 58 57 57 56 56 54 53 52 48 48 47 45 44 43 43 41 41 38 35 29 28 28 27 26 25 23 22 17 16 15 14 13 9 9 9 8 6 -1
98 98 96 93 92 92 91 88 86 83 82 82 82 80 79 79 78 78 75 71 70 70 70 69 69 68 68 67 66 66 65 62 61 59 59 56 56 54 52 51 50 48 48 47 47 44 44 38 37 33 33 30 29 29 27 25 23 20 14 13 12 10 7 6 5 4 3 3 1 1 1 -1
97 97 97 96 95 95 95 94 92 91 91 90 89 89 87 87 86 86 85 84 83 83 82 81 80 77 77 77 77 77 76 74 72 72 67 67 66 65 65 64 63 62 60 59 57 56 56 55 55 53 53 52 51 50 50 48 47 47 47 46 45 43 43 42 40 38 37 35 34 31 28 25 24 19 18 18 17 17 15 12 12 10 9 7 6 6 5 4 4 4 4 1 1 1 -1
98 94 91 88 80 74 70 67 57 54 50 48 46 45 40 32 28 22 21 19 15 15 13 9 9 9 7 5 -1
99 98 98 91 91 91 91 90 90 89 87 86 85 84 84 83 77 76 76 72 71 71 70 68 68 67 64 60 59 52 51 50 49 46 46 46 35 30 29 29 27 26 24 22 20 18 18 18 17 15 11 8 5 5 5 4 3 -1
98 98 94 94 92 92 92 91 91 91 90 90 89 88 87 86 86 83 82 82 76 75 75 74 74 73 70 65 64 62 62 61 59 57 57 56 56 55 54 52 52 51 50 47 47 46 46 44 44 42 42 41 40 40 37 36 35 35 35 33 32 31 29 29 25 25 23 22 22 22 21 18 17 16 13 12 11 11 11 11 10 10 10 9 9 8 8 7 7 7 6 6 4 1 1 -1
98 92 79 74 73 42 39 1 -1
92 91 90 87 86 82 81 71 67 64 56 47 43 43 36 32 29 15 12 9 8 5 1 -1
98 82 79 73 69 64 64 62 57 48 40 38 27 25 25 24 16 12 11 5 4 4 -1
95 94 93 92 89 85 82 78 76 75 74 73 69 65 63 63 62 60 57 57 53 52 51 48 44 41 38 37 37 34 31 30 30 23 18 17 17 12 11 10 8 6 4 4 -1
96 91 88 79 76 76 76 74 74 74 73 70 56 52 50 50 47 44 39 35 33 25 23 20 19 13 13 12 5 3 -1
99 99 98 98 96 96 94 94 93 92 87 86 86 78 76 75 73 70 68 67 65 64 63 62 58 56 56 54 53 50 46 45 41 39 35 34 28 25 21 21 19 19 16 13 12 10 5 3 2 1 -1
97 93 93 87 86 84 83 83 82 79 78 73 69 68 68 68 67 67 65 64 62 61 61 52 47 44 43 43 41 40 40 39 37 37 36 30 28 25 21 21 21 19 17 12 12 9 7 6 4 3 -1
99 84 72 61 50 49 49 46 42 42 42 19 18 8 6 -1
100 96 96 95 95 94 92 92 91 88 87 86 86 85 84 84 84 82 82 81 80 78 78 70 70 70 69 68 66 66 65 63 60 59 57 55 55 55 53 53 53 53 53 51 51 50 49 49 48 47 47 45 43 42 42 40 40 35 34 34 31 30 28 28 27 27 25 22 20 19 18 18 16 16 11 9 9 6 5 4 1 -1
99 99 98 97 97 97 93 92 91 88 84 83 83 82 81 78 77 76 74 74 72 72 71 70 69 69 68 68 67 65 65 64 63 62 61 61 61 61 60 58 58 56 54 53 53 52 52 51 47 44 43 42 41 40 39 38 38 37 35 34 30 26 26 26 25 25 24 24 22 22 19 17 17 15 13 13 12 9 8 7 7 5 4 3 3 2 -1
100 97 97 95 95 92 92 91 90 89 88 84 83 83 83 81 80 79 78 78 77 76 75 75 73 71 70 66 65 65 64 56 56 55 55 55 49 48 47 47 45 42 36 35 35 35 34 30 29 29 28 28 26 25 24 23 22 22 22 20 19 19 16 12 10 10 10 10 8 7 5 -1
98 91 91 85 72 71 69 69 63 60 58 56 51 39 39 37 35 35 28 26 25 23 22 22 15 12 9 9 7 5 4 -1
100 99 98 98 98 96 96 94 94 92 91 90 82 77 76 75 71 70 68 65 65 65 60 59 49 49 48 44 44 43 42 39 38 38 36 25 25 22 21 19 12 7 7 4 4 2 -1
99 98 98 97 95 94 92 92 90 89 89 89 89 87 87 87 86 86 86 84 78 77 75 74 72 70 69 68 67 66 61 59 59 58 57 57 55 54 52 51 51 49 47 47 44 44 42 41 38 34 34 32 31 31 28 28 28 28 27 27 26 25 23 21 20 20 19 17 17 16 14 10 9 9 8 3 2 -1
99 96 96 93 88 85 85 85 82 81 81 81 81 81 81 80 77 77 73 71 70 70 69 63 62 60 60 58 58 57 56 56 55 55 53 52 49 48 48 47 45 43 43 42 41 40 37 35 35 34 33 32 32 32 31 30 29 29 26 26 20 20 19 15 12 12 12 10 9 8 6 5 3 3 1 -1
98 96 92 89 88 86 83 83 82 82 82 82 80 79 79 78 78 78 76 73 70 66 64 61 57 54 53 51 48 46 46 46 45 45 43 41 38 38 37 34 34 34 32 31 24 24 18 18 17 14 13 11 11 7 5 -1
100 100 98 97 97 96 91 88 87 86 83 79 78 78 75 74 72 69 67 65 65 65 64 63 58 58 56 55 55 54 53 53 53 52 51 51 50 47 45 44 42 42 40 38 38 38 37 36 35 34 32 31 31 31 29 28 27 24 24 22 22 17 15 15 13 11 9 6 2 -1
100 99 98 97 97 96 96 85 85 84 84 83 82 81 79 75 73 71 71 69 68 66 66 66 65 63 58 58 57 56 55 54 51 47 42 39 39 38 36 35 34 33 33 32 31 29 28 28 27 25 25 24 23 22 22 21 21 21 20 16 13 12 9 9 8 4 3 3 2 2 -1
100 96 94 93 90 90 84 76 75 74 70 70 68 66 63 51 50 50 48 47 45 41 40 39 39 34 28 26 25 25 24 23 22 20 19 15 13 12 6 5 3 1 -1
100 99 99 99 98 95 92 88 86 82 82 79 78 77 77 77 75 74 73 72 71 68 68 67 65 64 63 61 59 59 58 58 57 57 55 52 52 52 51 50 47 46 46 44 42 41 38 36 34 32 32 31 31 29 28 27 27 26 25 25 23 21 20 19 18 17 16 15 14 7 7 4 4 2 1 -1
100 100 99 97 97 93 92 91 90 90 90 88 88 86 86 85 84 84 83 81 80 78 77 76 76 74 72 72 70 69 68 63 61 60 58 57 55 55 55 52 51 50 49 47 44 42 42 41 40 38 37 36 36 35 34 29 27 27 22 21 20 19 18 17 15 14 12 12 11 11 7 6 6 3 -1
98 98 91 91 90 88 88 87 86 83 83 81 80 78 78 78 74 73 72 72 71 70 70 70 67 67 66 66 61 58 57 57 54 53 50 48 46 46 45 45 44 44 41 40 40 37 37 36 36 33 33 33 32 32 31 30 29 29 26 24 19 18 18 17 17 15 14 12 11 9 8 8 3 2 1 -1
99 91 87 83 76 70 64 63 63 63 60 59 58 55 53 52 45 45 44 43 42 41 39 38 37 36 33 31 26 21 20 18 17 14 12 9 8 7 3 1 1 -1
98 97 83 81 80 79 76 60 50 34 26 23 22 22 19 17 6 2 1 -1
100 97 18 -1
99 96 93 93 92 92 89 83 83 83 83 82 82 81 79 79 78 77 77 76 76 75 75 74 73 71 71 68 68 68 66 63 63 62 61 60 57 56 55 55 55 53 52 51 51 49 46 45 45 45 45 44 43 43 42 42 40 39 39 39 38 37 37 37 36 36 32 29 27 25 22 20 20 20 18 17 17 14 13 12 12 11 10 10 9 5 4 4 1 -1
100 99 98 95 93 90 90 89 88 84 81 81 75 73 72 70 70 69 58 57 56 56 55 54 54 54 52 50 46 45 44 42 42 40 38 36 35 33 31 27 22 21 21 21 18 18 11 10 10 7 7 7 6 4 4 3 2 1 -1
99 97 96 93 90 90 90 89 83 82 82 81 81 77 77 76 76 75 73 72 70 68 67 65 63 62 62 61 59 57 57 56 56 56 55 55 55 53 53 52 48 46 45 44 42 41 40 39 38 38 38 37 36 36 35 35 31 31 30 30 28 26 26 26 26 26 26 26 25 25 23 23 21 21 20 15 15 13 13 13 10 10 10 9 9 8 7 7 5 5 4 3 2 1 -1
100 99 98 98 96 95 86 86 82 72 70 52 49 47 35 30 30 29 25 25 22 20 19 11 10 8 6 5 4 1 1 -1
99 98 98 96 96 94 94 92 91 88 87 85 84 82 80 79 79 77 76 75 71 71 70 70 70 69 68 67 67 65 65 62 62 61 60 60 59 53 51 51 51 51 49 48 48 44 43 41 38 36 35 35 35 35 34 33 32 32 31 30 28 26 25 24 23 23 23 23 23 20 20 18 17 17 16 16 14 13 11 10 8 5 3 2 1 -1
94 93 88 87 81 80 79 79 79 76 69 60 58 58 57 57 54 51 45 45 39 38 36 35 27 25 7 -1
49 46 44 8 -1
100 98 97 96 96 96 94 93 92 91 89 89 89 88 88 86 84 83 83 81 79 79 78 78 77 76 75 74 73 73 72 71 71 70 69 69 67 65 64 63 62 61 61 58 57 57 55 54 54 53 52 50 48 47 45 43 42 41 39 39 37 36 35 29 28 27 23 22 22 21 18 17 17 16 15 15 14 14 14 13 13 12 12 10 9 7 4 3 -1
98 98 95 94 93 89 86 85 79 79 75 74 72 72 70 62 61 59 56 51 51 50 47 47 46 44 35 32 28 23 23 23 21 17 13 6 6 5 3 1 -1
99 99 98 98 97 97 97 93 93 93 91 90 87 87 86 85 84 83 82 75 74 74 72 68 67 66 64 62 62 62 60 59 59 58 58 57 56 55 55 55 54 53 52 52 51 49 49 48 46 46 43 42 40 38 31 31 29 29 25 24 21 21 20 19 17 16 9 8 6 2 1 1 -1
99 97 96 95 94 93 92 91 91 90 89 88 88 87 87 86 84 83 82 81 80 79 79 75 74 72 72 69 68 67 67 67 67 67 66 65 64 61 61 59 59 58 57 55 54 54 52 52 51 50 48 44 43 41 36 35 35 35 33 33 32 32 31 30 29 29 28 27 26 26 25 24 24 24 24 21 20 19 19 18 16 14 14 13 13 12 12 11 9 7 5 4 3 -1
99 99 96 95 94 92 92 89 86 86 82 80 76 75 74 71 70 69 68 67 67 65 65 58 58 57 56 53 52 52 51 50 46 45 43 39 32 29 28 27 27 26 25 23 17 17 15 15 13 9 8 6 5 4 3 3 1 -1
100 99 97 97 95 91 90 89 88 86 86 83 82 81 80 79 77 75 73 72 69 62 60 58 58 54 53 53 51 51 50 47 44 43 43 41 39 39 36 33 32 32 32 29 26 25 24 21 21 21 21 20 15 12 11 11 6 4 3 3 -1
97 96 95 94 93 93 92 91 91 91 89 89 89 88 88 86 85 83 83 82 82 80 80 79 77 74 74 74 73 72 72 70 70 69 68 68 67 67 66 65 63 62 62 60 60 58 57 57 57 56 55 54 54 53 53 48 48 47 47 46 46 43 43 42 42 41 39 38 38 38 37 37 37 35 34 34 33 30 29 27 22 22 20 19 19 19 18 17 16 14 13 13 13 13 12 10 8 6 5 2 -1
97 95 91 91 89 87 85 84 82 81 80 79 77 74 74 74 73 72 69 68 68 67 67 65 64 64 64 62 62 60 60 59 58 58 57 56 55 53 53 52 50 49 48 48 47 47 46 45 44 44 43 43 43 43 42 42 42 41 40 40 39 39 38 38 37 35 34 33 32 31 31 30 30 30 29 28 28 25 23 23 21 18 17 16 14 12 11 9 9 7 6 6 -1
97 95 85 82 64 63 60 52 51 21 20 12 3 -1
97 97 97 96 96 95 95 94 93 92 91 88 87 87 85 81 81 79 78 78 77 77 77 76 68 67 66 64 63 61 55 54 54 53 52 52 49 49 47 46 45 44 39 37 35 33 32 31 30 30 28 27 27 27 22 19 18 17 17 17 15 14 14 11 11 10 8 7 6 -1
99 99 95 95 92 91 87 86 85 84 84 82 80 78 72 71 70 67 67 66 65 64 60 59 58 57 57 57 55 51 46 43 43 41 41 36 35 34 31 30 29 28 27 25 24 21 20 20 19 18 14 13 9 9 8 8 8 7 5 5 2 1 1 1 -1
95 90 90 86 85 84 84 83 76 72 70 69 68 67 62 60 58 58 58 56 55 49 45 43 38 30 30 29 25 21 11 10 10 9 8 7 7 3 2 2 -1
100 99 99 98 98 98 97 95 94 93 89 89 89 88 86 83 83 79 79 79 74 74 73 73 73 73 73 71 70 70 69 67 66 66 65 65 64 62 62 61 60 60 59 58 58 57 55 54 53 53 50 50 49 47 47 46 46 44 42 41 40 39 39 39 37 37 36 34 32 31 31 30 29 29 29 29 29 24 23 22 22 21 18 17 16 15 14 13 8 7 5 5 4 4 3 2 2 2 1 -1
98 95 87 85 79 65 65 55 49 48 46 38 26 22 19 11 6 3 3 -1
100 100 97 97 96 95 92 92 89 88 86 83 83 82 82 80 80 79 79 78 77 73 72 71 70 69 68 68 63 62 62 62 61 57 56 54 53 51 49 47 45 41 41 40 38 38 38 37 37 37 36 36 35 34 34 34 33 32 32 31 29 27 26 25 24 23 18 18 15 15 15 14 11 10 9 7 4 4 3 1 -1
100 97 96 96 96 90 89 85 84 81 79 76 76 74 72 71 71 70 68 67 63 62 60 58 57 57 54 50 50 47 45 44 42 42 41 41 40 40 36 34 34 34 32 31 30 26 24 22 21 20 20 19 18 18 14 12 11 10 9 9 8 5 4 3 2 1 -1
98 94 81 80 78 67 67 66 57 57 48 44 38 38 37 30 28 17 7 4 3 -1
100 100 100 99 96 93 90 88 86 86 84 83 83 81 81 79 78 77 70 67 66 65 64 62 56 55 52 51 51 49 48 43 42 40 39 33 32 32 30 29 22 21 20 19 19 17 7 6 -1
90 64 59 47 37 10 4 2 2 -1
97 96 95 94 93 90 89 87 87 83 83 78 76 76 76 75 73 68 66 65 65 63 62 56 53 45 45 40 37 36 35 29 29 27 22 20 18 12 12 7 6 4 1 -1
99 99 95 95 92 87 86 76 75 73 71 70 68 66 64 63 62 61 60 58 53 53 51 49 46 45 44 42 39 38 38 26 24 23 22 17 16 14 10 8 5 2 2 -1
100 98 88 76 70 63 61 61 47 46 35 34 34 20 17 15 12 1 -1
100 98 98 95 94 94 94 93 93 93 87 87 85 85 84 82 81 81 80 78 78 78 77 77 77 76 75 75 74 73 72 72 71 71 69 68 67 67 66 63 62 61 58 58 57 57 57 55 55 53 53 52 50 50 49 48 47 46 46 43 43 43 42 41 39 36 35 35 33 32 32 31 30 28 28 27 27 26 26 24 24 23 21 20 19 19 17 16 15 12 12 10 9 7 7 6 5 4 2 -1
63 54 38 34 27 14 4 -1
99 97 97 96 96 94 92 87 86 84 75 74 72 67 65 61 61 51 48 45 43 39 39 38 36 33 32 31 29 20 17 14 11 10 10 9 9 7 2 -1
100 99 98 98 97 96 94 92 92 90 88 88 88 88 85 85 84 83 83 83 81 79 79 78 78 78 77 77 73 73 71 71 69 66 64 64 64 64 58 58 57 56 55 53 52 52 51 50 48 48 46 45 44 43 42 40 38 38 37 36 35 34 31 31 27 26 26 26 24 24 23 22 21 20 20 19 16 16 15 15 14 14 13 13 12 11 10 9 9 8 6 5 4 4 3 3 3 2 -1
89 88 83 82 82 68 51 39 34 33 27 -1
95 83 83 78 69 53 53 43 39 37 37 35 31 30 29 29 23 20 -1
