70
96 86 66 40 29 27 24 7 2 1 -1
100 97 96 92 91 90 89 86 81 81 79 76 76 75 75 74 73 70 69 68 68 67 65 64 62 59 59 57 57 57 54 53 50 45 42 42 42 38 32 31 30 26 25 24 22 20 18 18 18 16 14 13 10 9 9 3 2 2 1 -1
98 98 94 93 92 91 90 89 86 85 83 83 83 81 80 79 79 77 77 76 76 76 73 72 70 70 66 65 65 64 63 60 57 56 55 53 53 51 49 47 46 43 43 42 39 38 37 33 30 28 27 25 21 20 18 16 15 9 8 7 5 3 1 -1
100 94 86 86 83 73 61 8 1 1 -1
100 96 96 95 94 90 89 88 88 87 85 83 81 76 74 70 69 67 64 62 61 61 54 53 52 45 44 44 42 40 37 36 36 35 35 34 33 32 32 31 29 29 28 25 25 23 18 16 13 12 11 10 9 8 7 7 6 6 2 -1
17 12 11 -1
100 98 97 94 89 88 86 80 75 64 64 62 60 59 59 59 59 54 51 50 50 49 48 47 44 40 36 33 32 31 30 27 25 25 25 24 23 23 23 23 23 22 20 20 20 19 19 19 19 16 15 12 9 5 5 3 -1
99 96 94 89 78 78 73 70 70 64 62 61 59 53 51 49 47 44 43 43 41 41 41 40 36 33 32 27 11 10 9 8 7 7 4 3 1 -1
100 97 95 95 94 91 89 86 85 82 82 78 78 78 76 75 74 74 74 74 70 70 65 65 65 64 64 59 57 55 55 53 53 52 50 50 50 47 46 42 41 38 37 28 28 25 25 24 19 18 17 17 15 12 10 10 7 7 4 2 1 -1
98 97 95 95 90 90 86 85 84 80 72 71 70 69 64 61 58 57 55 52 40 40 35 34 34 33 32 32 30 26 25 25 24 24 23 22 21 20 18 17 15 2 1 -1
98 97 96 85 84 81 76 64 63 61 60 58 58 57 56 56 52 52 50 50 37 36 28 25 25 25 22 22 18 15 13 13 11 9 8 6 -1
100 99 99 98 96 94 93 89 87 80 78 77 71 67 66 61 61 61 60 56 55 55 54 54 54 49 48 36 36 36 33 29 26 26 24 22 22 21 20 19 19 18 17 17 16 15 15 13 12 9 6 2 -1
94 91 91 87 85 85 84 81 80 78 74 73 68 65 63 63 63 60 59 58 57 56 54 52 52 51 48 47 46 46 45 45 35 33 32 29 27 26 26 25 25 23 21 12 11 10 6 5 5 2 1 1 -1
100 98 98 97 96 94 93 90 89 85 75 74 73 73 72 70 69 69 68 66 65 65 60 59 58 58 55 48 47 46 46 46 44 43 42 42 40 39 39 37 37 35 35 33 33 32 31 30 29 26 25 23 23 21 20 18 16 12 12 12 11 9 9 8 8 6 3 2 -1
100 97 95 88 87 86 84 82 81 80 79 76 70 70 69 68 68 66 65 61 60 54 51 50 46 46 46 44 42 42 40 38 38 37 37 35 32 25 25 21 18 18 17 15 13 6 3 2 2 1 -1
100 100 99 97 95 93 92 92 91 88 86 84 79 79 76 73 73 71 66 65 64 63 62 62 61 59 56 55 49 48 44 42 39 39 38 35 33 33 32 24 21 20 20 18 18 17 14 12 12 12 10 7 6 3 -1
98 98 97 94 91 90 89 87 83 78 78 78 68 68 64 59 55 54 51 50 48 48 44 43 43 40 39 35 26 26 22 21 20 18 12 12 11 11 9 9 8 6 2 2 -1
100 100 92 92 92 92 90 90 87 82 81 80 79 75 73 71 71 70 70 70 69 68 64 64 63 61 59 59 58 56 54 54 51 51 51 49 44 38 37 36 36 33 32 32 25 24 22 20 19 18 17 17 15 14 13 12 11 8 4 3 -1
100 99 96 96 96 95 94 93 91 90 87 85 85 84 84 82 82 82 82 82 78 75 75 73 70 63 62 60 58 57 52 48 47 47 45 43 40 38 35 35 35 35 31 28 28 26 25 24 22 21 17 16 14 8 7 2 2 2 -1
61 -1
92 84 82 77 76 74 74 64 61 57 51 47 46 43 40 40 39 37 34 33 32 32 32 31 30 29 26 25 21 17 10 5 -1
98 96 95 95 94 94 93 92 91 91 88 83 81 69 68 67 64 63 63 63 58 57 54 54 54 52 48 47 43 41 37 35 32 32 25 23 23 20 18 17 15 15 11 9 9 6 5 1 -1
96 96 92 86 84 81 79 78 75 72 69 69 64 63 62 57 54 53 51 50 48 47 38 37 36 33 32 29 29 26 23 22 18 15 14 11 10 6 2 -1
100 96 96 94 91 90 90 88 87 85 83 79 78 72 69 68 67 67 66 66 65 64 64 63 61 61 58 58 52 50 50 49 46 44 41 37 34 32 31 29 27 26 26 23 22 20 18 17 17 16 14 11 10 8 5 -1
100 100 96 96 95 91 89 89 88 80 79 77 76 75 74 71 71 71 65 58 58 51 48 46 45 42 42 42 41 31 31 30 26 26 10 8 7 6 3 -1
95 95 93 91 86 84 82 75 75 71 68 68 67 66 66 65 64 60 57 54 51 50 48 40 40 39 39 39 34 31 31 30 28 26 25 16 13 13 9 7 6 4 4 3 3 3 3 3 3 -1
100 91 87 86 85 80 78 68 67 66 64 63 60 54 52 50 47 44 35 21 19 19 18 13 13 13 7 6 3 -1
97 95 94 90 89 88 86 77 74 74 72 69 65 64 62 56 54 53 51 50 50 46 45 45 38 33 32 27 27 27 23 22 21 18 14 13 8 4 3 3 2 2 1 -1
100 98 98 97 94 93 92 91 90 89 86 80 74 74 72 71 68 67 66 65 63 62 57 57 56 51 50 49 49 48 48 47 45 43 40 39 36 35 34 32 32 28 27 27 26 25 25 23 18 18 17 16 14 14 12 7 6 5 1 1 -1
85 79 78 75 75 74 72 70 66 64 62 61 60 57 51 48 45 42 42 38 32 31 31 30 29 24 20 17 15 12 12 9 9 5 3 -1
87 74 66 66 62 61 60 59 58 58 57 56 55 54 54 49 45 43 38 33 31 30 30 27 27 17 16 12 10 6 4 -1
100 97 90 90 84 82 77 69 69 66 62 61 59 55 52 50 50 44 35 33 27 27 26 25 16 12 11 5 1 1 -1
98 97 97 96 96 95 94 92 88 87 80 79 78 78 77 77 75 73 72 71 71 69 67 64 61 60 59 54 53 50 48 47 44 42 42 42 42 41 40 36 36 34 33 33 33 26 25 23 21 21 20 16 16 15 15 14 13 13 12 11 8 3 2 2 1 -1
94 91 88 88 86 86 83 80 80 78 78 78 77 76 75 72 71 71 70 68 68 68 68 68 61 61 60 60 57 57 53 52 51 46 45 44 43 41 37 37 37 36 35 32 31 30 27 25 20 18 17 17 15 12 11 10 8 5 2 2 -1
97 96 93 92 87 85 85 80 75 73 69 65 63 61 58 54 50 47 46 45 39 38 38 31 27 27 26 22 20 18 14 13 11 9 7 5 2 -1
100 99 94 94 91 76 76 75 71 63 61 61 60 60 59 54 52 50 50 48 46 45 44 39 35 34 32 29 27 27 23 18 13 8 5 1 -1
100 98 93 90 89 87 86 78 78 75 72 70 69 67 67 51 49 49 47 44 41 41 38 38 38 36 36 35 33 29 21 20 20 18 18 13 12 4 4 2 1 -1
48 3 -1
97 97 92 92 84 82 80 73 69 68 58 58 58 54 52 50 46 46 44 40 39 38 36 35 28 24 24 23 15 1 -1
73 -1
80 80 76 75 68 67 66 52 49 47 45 42 41 39 32 28 27 17 13 12 9 7 7 5 -1
100 92 92 91 91 89 87 85 85 84 81 81 80 78 77 73 73 71 69 66 63 60 59 59 57 55 54 51 49 48 46 45 43 41 41 41 39 37 36 36 34 31 30 26 26 25 24 15 10 9 9 5 4 3 -1
93 90 84 78 77 77 74 66 64 60 60 58 46 38 28 26 24 23 19 15 14 13 -1
90 90 85 81 75 65 57 54 53 50 46 43 42 38 35 35 33 30 30 17 14 13 8 4 4 1 -1
98 98 96 95 94 94 94 93 90 85 82 73 70 70 65 58 58 54 54 51 43 42 42 38 35 34 28 23 21 20 18 18 16 15 13 11 11 7 4 3 3 -1
97 92 92 84 82 81 65 64 49 30 29 23 12 12 10 7 -1
100 99 99 98 97 96 96 94 93 92 91 90 89 88 88 83 78 74 73 73 71 70 68 64 63 55 53 53 53 51 50 50 49 48 48 48 45 45 43 40 32 32 30 30 29 27 26 26 26 25 24 24 24 21 18 17 14 13 11 6 1 -1
97 95 95 91 86 85 83 76 76 71 67 62 59 54 45 45 43 41 28 24 21 18 17 14 14 -1
99 98 97 97 97 96 96 95 93 92 91 89 86 83 79 79 78 77 76 75 74 73 73 72 68 67 63 62 61 61 58 57 54 49 48 44 42 40 38 36 36 34 33 24 22 19 18 17 15 15 14 13 11 9 4 3 3 2 -1
100 100 99 97 95 95 94 93 91 88 85 80 78 77 71 70 69 62 61 59 58 57 56 55 54 53 53 51 50 49 48 48 47 45 43 43 41 39 36 35 30 30 29 24 21 20 19 19 14 13 11 8 7 6 5 5 4 -1
93 85 78 52 44 43 37 21 20 7 6 -1
95 94 84 82 80 78 77 73 70 67 66 66 59 57 57 57 55 54 54 51 50 50 48 47 47 46 46 41 40 40 40 39 39 36 36 33 33 30 27 24 22 20 15 15 14 12 10 9 7 5 4 -1
100 95 95 93 93 87 86 85 84 82 81 79 78 78 74 74 69 68 67 65 64 62 62 62 61 56 55 51 50 48 47 46 39 37 34 32 29 29 26 22 19 18 14 6 6 2 -1
97 96 94 80 73 70 65 65 64 58 58 56 56 54 51 47 36 33 33 32 18 17 16 14 12 9 9 7 6 4 3 -1
100 98 98 93 91 88 88 86 86 85 85 81 77 72 69 68 65 64 59 59 57 52 47 47 47 46 45 42 40 35 33 33 25 21 17 17 17 14 12 9 8 8 4 3 2 -1
99 95 91 82 70 65 45 43 40 34 21 -1
95 93 87 87 84 82 79 79 77 76 73 72 68 67 62 62 59 59 58 58 57 56 52 52 50 49 45 42 42 42 39 36 35 35 32 30 30 26 23 23 20 20 19 18 16 14 13 13 8 4 -1
98 97 97 97 93 92 91 90 89 89 89 88 85 84 83 79 71 68 67 67 65 62 60 58 56 52 51 51 50 48 47 46 44 40 39 38 38 37 32 31 31 31 31 30 29 28 26 24 23 23 22 20 20 17 8 6 4 4 4 1 1 -1
98 97 96 96 93 92 91 91 89 89 86 86 85 83 79 79 79 77 74 73 72 68 66 65 64 56 56 54 54 53 51 50 49 47 47 45 44 41 39 37 37 36 36 27 25 24 23 23 23 22 21 19 18 17 14 14 12 10 9 9 4 4 3 3 3 1 -1
99 97 96 88 86 82 70 67 67 66 63 58 52 45 38 30 23 22 22 19 18 16 15 11 10 -1
100 99 98 94 92 92 90 90 86 84 84 83 82 78 76 76 75 74 71 69 68 68 67 66 66 63 55 55 54 53 52 51 50 50 50 49 48 47 46 46 42 41 39 38 38 35 33 32 31 30 30 25 21 20 20 14 14 10 9 8 8 -1
96 95 95 93 91 88 88 87 82 81 81 75 74 74 72 68 63 61 61 59 58 57 57 54 49 47 44 40 35 35 34 33 29 29 28 27 26 25 21 21 19 17 14 13 13 11 7 6 -1
91 89 85 80 56 52 49 41 36 19 9 5 -1
100 100 98 98 98 98 95 91 90 89 85 84 81 77 76 75 75 74 73 71 71 71 70 68 66 66 65 65 62 61 59 58 57 57 56 53 52 50 50 49 43 43 41 40 35 34 33 33 32 30 27 27 27 21 20 18 16 15 15 15 13 12 11 10 6 4 3 3 2 -1
91 82 78 74 64 60 58 49 46 41 37 29 26 13 10 4 1 -1
99 73 71 67 11 8 3 -1
98 97 97 96 96 82 78 75 72 71 70 66 63 56 55 52 46 44 40 39 33 31 30 28 25 11 1 -1
99 98 97 96 95 94 90 89 89 89 89 89 84 83 82 74 74 74 72 71 69 69 67 60 60 58 57 56 55 55 53 53 42 41 40 40 39 38 36 34 32 32 31 31 31 30 30 27 25 25 22 20 20 19 16 15 15 14 13 12 10 9 7 7 -1
9 -1
100 89 87 79 74 72 71 69 66 66 60 46 45 36 34 32 29 24 22 21 18 17 17 14 8 3 2 -1
