12
14
1 0 0 1 1 0 1 0 0 0 0 0 0 0
0 0 0 0 0 0 0 0 0 0 0 0 0 1
1 0 0 0 0 0 0 0 0 1 1 0 0 0
1 0 0 0 1 1 0 0 0 0 0 0 0 0
0 0 0 0 0 0 0 0 0 0 0 0 1 0
0 1 0 0 0 0 0 0 0 1 0 1 0 0
0 0 1 0 0 0 1 0 0 0 0 0 0 0
0 0 0 1 0 1 0 1 0 1 1 0 0 0
1 1 0 0 0 0 1 1 1 0 0 0 0 0
0 0 0 0 1 0 0 0 0 1 1 1 0 1
1 0 0 0 0 1 1 0 0 0 0 0 1 0
0 0 1 0 0 0 0 0 1 0 0 0 0 0
0 0 0 0 1 0 1 0 1 0 1 1 0 0
0 0 0 1 0 1 0 1 0 0 0 0 0 1
9
1 1 1 1 1 0 1 1 0
1 0 1 1 1 0 1 1 1
1 1 1 1 1 1 1 1 1
1 1 1 1 0 1 1 1 0
1 1 1 1 1 1 1 1 1
1 0 1 1 1 1 1 1 1
1 1 1 0 1 1 1 0 1
1 1 1 1 1 1 1 1 1
1 1 1 1 1 1 1 1 1
12
0 1 0 1 0 0 0 0 0 0 0 0
0 0 0 0 0 0 0 0 1 1 0 1
0 0 1 0 0 1 0 0 0 1 0 0
0 1 0 0 1 0 0 0 1 0 0 0
1 1 1 1 1 0 1 0 0 0 1 0
0 0 0 1 0 0 0 1 1 0 0 0
0 0 0 0 0 0 0 0 0 0 0 0
0 0 0 1 1 1 0 0 0 1 0 0
0 0 0 0 0 0 0 0 0 0 0 0
0 0 0 0 0 0 0 0 1 0 0 0
1 0 0 0 1 1 0 0 1 0 0 0
0 0 0 1 1 0 0 0 0 0 0 0
14
0 1 0 0 0 0 1 1 0 0 0 1 0 0
0 0 0 1 0 0 0 0 0 1 0 0 0 0
0 0 0 0 1 0 0 0 0 0 0 0 0 0
0 0 1 1 0 0 0 0 1 0 0 0 1 0
0 0 0 1 0 0 1 0 0 0 0 1 0 1
1 0 0 0 0 0 0 0 1 0 0 0 0 1
0 0 0 1 0 0 0 0 0 1 0 0 1 0
0 1 0 1 0 0 0 0 0 0 0 0 0 0
0 0 0 0 0 0 1 0 0 0 0 0 1 0
0 0 0 0 1 1 0 1 0 1 0 0 0 0
0 0 0 0 0 0 1 0 0 0 0 0 1 0
0 0 1 0 0 0 0 0 1 0 0 1 0 0
0 0 1 0 0 0 0 0 1 0 0 0 1 1
1 0 0 0 0 1 0 0 0 0 0 0 0 0
11
1 1 1 0 1 1 1 1 1 1 1
1 1 1 1 1 1 1 1 1 0 1
1 1 1 1 1 1 1 1 1 1 0
1 1 1 1 0 1 1 1 1 1 1
1 1 1 1 1 1 1 1 1 1 1
1 0 1 1 1 1 1 1 0 1 1
1 1 1 1 1 0 1 1 1 1 1
0 1 1 1 1 1 0 1 1 1 1
1 1 1 0 1 1 1 0 1 0 1
1 1 0 1 1 1 1 1 1 1 1
1 1 1 1 1 1 1 1 0 1 1
13
1 1 1 0 0 0 0 0 1 0 0 0 0
0 0 1 0 0 1 0 0 0 0 0 0 0
0 1 0 0 0 0 0 1 0 0 0 1 0
0 0 0 0 0 0 0 0 0 1 0 0 0
0 0 0 1 0 0 0 1 0 0 1 0 0
0 0 0 0 0 0 0 0 0 0 0 0 0
0 0 0 0 0 0 0 1 0 0 1 1 1
0 0 0 0 1 0 0 1 0 0 0 1 1
0 0 0 0 0 0 0 0 0 1 0 0 1
1 0 0 1 1 0 0 1 0 0 0 0 0
0 0 0 0 0 0 0 0 0 0 0 0 1
0 0 0 0 0 1 0 0 0 1 0 0 0
1 0 1 1 1 1 0 0 0 0 0 0 0
15
0 1 0 0 0 0 0 0 0 0 0 0 0 0 0
0 0 0 0 0 0 1 1 0 0 0 1 1 1 1
0 0 0 0 1 0 0 0 0 1 0 0 0 0 0
1 0 0 0 0 0 0 0 0 1 0 0 1 1 0
0 1 0 0 0 0 0 0 1 0 0 0 0 0 0
0 1 1 0 1 0 0 0 0 1 0 0 0 0 1
1 0 1 0 0 1 1 0 0 1 0 0 0 1 0
0 0 1 0 0 0 0 1 0 0 1 0 1 0 1
0 0 0 0 0 1 0 1 0 0 1 0 0 0 0
0 0 1 0 0 1 0 0 0 0 0 1 0 0 0
0 0 0 0 0 0 0 0 0 1 1 0 0 0 1
0 0 0 0 0 1 0 0 0 1 1 0 0 0 0
1 0 0 1 0 1 0 0 0 0 0 0 0 0 0
1 0 0 0 0 0 0 0 1 0 0 0 0 0 0
0 0 0 1 0 0 0 0 0 0 0 1 1 1 0
10
0 0 1 0 1 0 1 1 1 0
0 1 0 0 0 0 0 0 0 0
0 1 0 0 1 1 0 0 0 0
0 0 0 1 0 0 1 0 1 0
1 0 0 0 0 0 0 1 0 0
0 1 0 0 0 0 1 0 0 1
0 0 1 0 0 1 1 0 0 0
1 0 0 1 0 1 1 0 0 1
1 0 1 0 1 1 1 0 1 0
1 0 1 0 0 0 1 1 0 0
15
0 1 1 0 0 0 0 0 1 0 0 0 1 0 0
0 0 0 0 0 0 0 0 0 0 0 0 0 0 0
0 1 0 0 0 0 0 0 0 1 1 0 0 0 0
0 1 0 0 0 1 0 0 0 0 0 0 0 0 0
0 0 0 0 0 0 0 0 0 0 0 0 0 0 0
0 0 1 0 0 0 0 0 0 0 1 1 0 0 0
0 1 1 0 1 1 0 0 1 0 0 0 1 0 1
0 0 0 0 0 0 0 0 0 1 0 0 0 0 0
0 1 0 0 0 0 1 1 0 0 0 0 0 0 0
0 1 0 0 1 0 0 0 0 1 0 0 1 0 0
1 0 0 0 1 0 0 0 0 0 0 0 1 0 0
0 0 1 0 0 0 1 0 0 0 1 0 0 0 0
0 0 0 0 0 1 0 0 0 0 0 0 0 0 0
0 0 0 0 0 1 0 1 0 1 1 0 0 0 0
0 0 0 1 0 1 1 0 0 0 0 0 0 0 0
15
0 1 1 1 1 1 0 0 1 1 1 0 1 1 1
0 1 1 1 1 1 1 1 1 1 1 1 1 1 0
1 1 1 1 0 0 1 1 1 1 1 1 1 1 0
0 1 1 1 1 1 1 1 1 1 0 1 1 1 1
1 1 1 1 1 1 1 1 0 0 1 1 1 1 1
1 0 0 1 1 1 1 1 0 1 1 1 1 1 1
1 1 1 1 1 1 1 1 0 1 1 1 1 1 1
1 1 1 1 0 1 1 1 1 1 1 1 1 1 1
0 1 1 0 1 1 1 1 0 1 1 1 1 1 1
0 0 1 1 1 1 1 1 1 1 1 1 1 0 1
1 1 0 1 1 1 1 1 1 1 1 1 1 1 1
1 1 1 0 0 1 1 1 0 1 1 1 1 1 0
1 1 1 1 0 1 1 1 1 1 1 0 1 1 1
1 0 0 0 1 1 1 1 1 0 1 1 1 1 0
1 0 1 1 0 1 0 1 1 1 1 1 1 0 1
15
0 0 0 0 1 0 0 0 0 0 1 0 0 0 0
0 0 0 1 0 0 0 0 0 0 1 0 0 0 0
0 0 0 0 0 0 0 0 0 1 0 0 1 0 0
0 0 0 0 0 1 0 0 0 1 0 0 0 0 0
0 0 0 0 1 0 1 0 0 0 0 0 1 1 0
0 0 0 0 0 0 0 0 0 0 0 0 0 0 0
0 1 0 1 0 0 1 0 0 0 0 0 1 1 0
0 0 0 1 0 0 0 1 0 0 0 0 0 1 1
1 0 0 0 1 0 0 1 0 0 0 0 0 0 0
1 0 0 1 0 0 1 1 0 0 0 0 0 1 0
1 0 0 1 0 0 0 0 1 0 0 0 0 0 1
0 0 0 0 0 0 0 0 0 0 1 0 0 0 0
0 0 0 0 1 0 0 0 0 0 0 0 0 1 0
1 0 0 0 0 0 0 0 1 0 0 0 0 0 1
0 0 0 0 0 0 0 1 1 0 0 1 0 0 0
15
0 0 0 1 0 0 0 1 1 0 0 0 1 1 1
1 0 0 1 0 0 0 0 0 0 0 0 0 0 0
1 0 1 0 0 0 1 0 0 1 0 0 0 0 0
0 0 0 1 0 0 0 0 0 0 1 0 0 0 0
0 0 0 0 0 0 0 1 0 0 0 0 0 0 0
0 0 1 0 0 0 0 0 0 0 0 1 0 0 1
0 1 0 0 0 0 0 0 0 0 0 0 0 0 0
0 0 0 0 0 1 0 0 0 0 0 0 0 0 1
0 0 0 0 0 0 0 1 0 0 0 0 0 0 0
0 1 0 0 0 0 1 0 1 0 0 0 0 0 0
0 0 0 0 0 0 0 0 0 1 0 0 0 1 0
0 0 1 0 0 0 0 0 1 1 0 0 0 0 0
0 0 0 1 0 0 1 0 0 0 0 0 0 1 0
0 1 0 0 0 0 0 1 0 1 0 0 0 1 0
0 0 0 0 0 0 1 0 1 0 1 1 0 1 0
