90
43 62 65 89 70 79 49 53 50 47 42 72 56 90 72 65 71 65 55 62 59 62 52 76 72 61 67 74 79 47 69 64 47 51 58 45 74 79 95 64 65 60 52 64 77 77 55 60 91 59 55 52 49 58 64 70 68 69 58 75 70 67 61 63 44 52 65 36 65 84 80 49 56 58 54 65 57 84 67 67 86 99 57 64 53 49 51 72 57 61 47 63 64 74 67 81 54 59 46 66 
24 59 69 56 67 97 73 69 48 56 73 61 45 65 60 71 75 53 68 61 56 88 68 78 67 88 66 75 56 50 95 79 75 57 47 39 70 69 49 63 57 63 63 43 64 60 60 88 70 68 79 69 81 55 58 66 45 56 51 64 56 71 57 58 88 63 58 51 73 55 78 79 72 65 62 67 55 51 64 69 44 54 64 45 54 58 64 71 59 81 53 48 60 83 55 83 57 58 46 38 
27 56 59 71 49 67 62 68 66 45 69 62 58 79 58 78 76 52 72 62 61 61 61 61 57 69 41 96 80 82 76 57 63 65 67 78 54 53 52 71 57 56 59 54 62 44 65 55 87 85 68 62 59 72 47 69 54 77 76 54 85 68 60 51 62 67 57 74 77 48 76 51 66 59 68 77 64 77 54 43 75 58 56 60 65 71 74 72 75 61 40 49 64 73 64 69 47 51 60 49 
47 42 76 63 77 47 90 76 74 58 70 47 71 56 81 65 57 46 53 72 69 67 75 63 46 67 68 57 74 75 64 72 68 64 47 74 65 73 72 80 57 54 54 70 48 45 45 90 56 69 67 82 65 71 80 64 86 62 74 70 70 76 47 61 63 62 72 57 47 57 56 45 91 86 62 62 49 57 59 50 56 71 62 68 57 53 78 45 64 63 52 67 61 60 78 54 78 76 44 28 
47 24 66 51 59 77 68 62 58 70 79 60 74 81 48 46 89 72 69 67 67 55 56 87 73 45 46 66 43 82 70 69 73 49 68 58 50 61 64 60 61 53 51 54 62 51 57 65 77 69 58 84 62 79 50 71 59 75 54 46 79 54 58 71 71 54 68 64 77 76 65 58 67 39 70 65 75 51 65 81 82 49 50 62 92 90 67 74 49 71 58 51 80 69 73 75 37 61 38 42 
4 9 4 7 5 14 5 14 5 7 12 9 12 2 12 6 13 11 8 0 8 6 11 2 0 0 2 12 14 0 13 7 8 5 14 2 5 14 3 9 12 1 3 3 14 7 13 1 0 9 9 4 7 11 8 9 6 14 6 4 13 10 6 1 5 12 5 9 2 9 10 8 9 2 2 3 7 11 13 1 11 14 10 12 3 11 6 8 11 6 8 2 1 1 11 7 2 0 3 2 
6 12 4 9 11 14 11 13 14 1 9 8 10 5 12 14 10 2 12 9 14 2 13 7 9 5 7 11 14 12 4 3 0 9 11 12 13 10 9 0 7 6 12 14 2 13 11 14 12 1 13 6 10 11 5 1 5 13 14 12 5 11 12 10 3 11 6 6 3 0 9 0 2 9 3 10 7 1 0 12 8 10 11 1 7 12 12 9 6 1 5 0 5 12 1 7 1 9 6 11 
40 48 54 66 51 62 55 61 50 64 53 79 65 74 56 59 66 53 83 69 63 88 47 71 66 56 57 71 83 67 76 58 58 54 55 50 38 77 35 54 48 41 71 75 85 77 61 75 58 64 58 81 81 59 61 51 56 62 71 52 63 65 80 86 56 62 68 90 82 59 81 68 71 59 66 47 81 84 68 78 60 64 61 57 100 63 62 67 44 64 59 48 60 57 72 40 69 50 54 53 
7 8 11 9 7 1 12 9 14 2 1 3 7 3 2 8 9 7 4 5 3 7 4 3 12 4 9 3 3 2 12 2 10 7 10 7 4 5 6 14 11 0 11 6 0 14 10 11 10 6 13 5 4 7 0 10 3 10 3 8 7 2 11 5 8 6 11 9 14 14 5 13 13 8 7 11 12 11 13 11 7 1 6 10 9 4 5 6 14 13 11 11 2 4 11 5 12 14 14 5 
13 1 0 2 5 2 4 3 13 3 8 4 7 9 0 1 2 13 12 8 10 1 6 0 8 5 10 0 0 2 4 2 3 8 6 2 3 8 1 12 10 0 14 0 7 11 5 5 3 0 13 12 1 5 11 7 3 4 10 1 12 0 6 12 3 3 12 2 8 12 11 8 4 4 4 8 11 8 12 6 1 4 9 3 8 8 0 14 10 14 9 7 5 13 4 12 9 8 10 0 
43 44 81 71 69 77 77 50 65 50 71 60 59 62 67 62 64 57 69 55 67 56 51 86 68 76 62 45 57 78 61 64 79 76 39 53 77 65 67 74 56 52 56 71 71 68 64 64 68 61 53 77 79 68 63 64 50 80 74 60 57 77 68 72 61 58 76 54 48 68 62 84 46 64 59 81 79 50 59 67 48 59 58 86 70 55 43 52 73 60 66 63 76 94 52 74 52 46 55 18 
9 9 0 0 11 13 0 8 14 8 5 1 10 6 4 6 1 2 1 7 10 0 0 4 8 5 8 3 11 0 4 12 1 5 1 9 1 2 8 4 14 4 14 9 13 11 1 4 9 8 9 9 12 7 0 0 0 2 11 11 0 9 12 10 1 13 7 6 10 2 3 11 14 9 4 1 3 8 4 7 10 1 2 7 5 9 5 6 11 10 3 8 6 10 12 14 5 8 13 3 
6 3 8 0 1 0 1 10 3 13 12 5 10 2 0 12 5 14 13 4 1 10 13 10 8 6 8 3 3 7 4 6 4 2 5 11 5 12 6 9 10 14 11 13 10 12 12 10 8 12 3 13 6 13 0 4 3 12 6 8 11 5 11 8 14 2 11 10 9 4 9 6 10 9 8 9 8 4 10 5 6 3 11 4 14 7 11 8 5 2 13 11 2 4 7 4 8 7 7 11 
47 51 69 56 49 50 73 73 49 58 77 63 66 67 62 60 68 66 62 72 55 71 79 63 61 80 55 39 68 63 78 66 65 66 73 75 77 50 46 80 59 74 64 53 64 51 71 79 51 40 72 53 58 75 58 72 72 51 85 78 72 71 54 56 56 51 68 57 57 54 58 92 55 57 40 51 51 83 67 66 75 78 86 60 62 87 74 42 77 61 58 45 74 53 61 59 70 67 48 47 
45 55 83 67 57 79 66 61 81 55 68 59 82 81 46 60 58 60 78 70 64 58 46 61 40 44 83 44 58 71 70 58 71 78 77 87 60 64 76 46 47 63 68 70 49 59 64 66 69 83 72 70 41 54 63 87 59 45 62 62 72 74 63 54 46 68 60 60 78 87 58 54 80 83 62 64 74 54 60 84 60 44 51 33 68 52 47 75 55 64 44 69 84 61 59 68 77 54 68 52 
10 11 6 1 0 7 12 6 9 13 7 4 7 5 7 13 14 14 13 6 11 1 7 14 10 3 10 0 13 12 14 3 6 14 6 11 10 6 12 4 13 3 9 4 14 2 9 0 8 0 9 11 1 0 13 4 2 14 0 2 5 14 14 10 8 4 7 0 1 0 1 6 1 9 14 3 12 0 0 1 13 8 13 11 2 10 6 6 3 13 12 9 13 12 11 13 10 1 2 1 
51 51 44 51 38 44 73 47 70 73 59 73 70 75 69 69 56 59 66 73 83 68 61 59 67 93 69 70 56 78 55 81 56 53 63 59 85 67 55 76 64 55 76 59 65 88 63 60 56 56 74 44 45 71 73 68 58 61 53 64 55 65 70 53 46 60 68 100 57 53 61 64 58 71 59 69 59 90 77 82 86 75 77 70 47 50 48 68 47 76 68 75 66 55 74 39 59 54 48 41 
9 3 6 6 6 7 8 8 4 11 11 13 5 12 14 11 14 8 7 11 9 12 0 14 7 7 0 12 13 10 9 11 1 13 0 3 0 14 4 3 7 1 2 3 7 1 1 12 11 0 0 6 5 11 9 0 12 10 1 0 5 6 14 13 13 0 6 8 9 11 4 9 2 1 12 5 5 1 13 10 14 8 11 2 4 7 6 9 9 5 0 0 3 13 3 11 0 12 0 6 
9 12 8 5 7 7 0 0 8 3 3 6 8 3 1 5 6 8 7 5 11 6 11 7 7 0 7 9 5 5 11 3 4 6 8 3 8 4 2 6 4 10 9 4 12 0 7 1 5 4 1 3 10 8 0 7 5 11 10 11 12 11 5 11 14 9 4 4 1 9 11 3 7 2 4 2 2 7 2 12 7 1 2 12 4 12 8 4 3 12 5 10 14 14 10 7 13 13 3 13 
37 56 80 69 57 65 63 73 46 41 75 64 63 65 72 69 75 82 68 44 60 63 55 57 71 47 47 74 36 55 63 70 72 49 63 57 53 89 80 50 64 44 59 74 57 32 85 78 73 66 69 69 81 85 80 64 66 61 65 52 62 57 67 55 69 56 65 56 56 62 65 50 50 61 54 89 65 94 45 42 64 52 74 70 96 58 66 57 82 51 63 67 53 58 51 77 82 78 56 65 
0 7 5 8 10 8 9 5 13 4 6 2 14 12 10 5 13 13 5 10 5 7 1 10 6 3 13 14 7 11 8 7 6 13 12 2 2 11 12 10 4 10 13 1 5 0 14 11 4 3 12 10 3 14 3 4 3 3 3 7 8 14 14 6 8 14 6 9 11 3 13 6 11 6 7 1 2 5 0 8 13 6 2 5 5 5 4 5 14 6 3 5 14 8 9 9 11 0 5 5 
13 4 13 4 11 14 12 1 9 13 4 1 14 3 3 8 2 4 6 14 5 7 9 11 4 5 12 11 6 8 7 12 7 1 0 0 0 12 5 9 7 10 0 0 6 10 6 3 7 5 5 0 3 6 2 8 11 0 6 3 9 0 0 6 12 1 3 0 4 4 4 3 11 3 3 7 12 3 14 12 1 1 8 5 6 0 11 7 4 8 11 3 9 12 2 0 11 2 2 8 
8 12 13 11 9 12 5 3 2 13 14 8 0 4 12 1 6 2 9 12 4 12 6 9 3 5 9 10 9 12 3 12 13 3 2 11 2 12 12 14 1 11 12 8 0 1 6 4 3 4 4 10 2 3 8 4 12 6 3 1 12 3 4 11 10 10 14 10 1 5 12 0 14 11 3 8 3 0 0 13 4 10 10 9 0 10 4 1 9 14 14 5 14 10 14 10 4 6 4 10 
26 60 68 70 85 53 73 84 73 62 74 70 44 63 81 71 80 57 70 78 82 64 65 55 65 62 65 73 79 78 68 66 69 48 74 46 57 45 80 62 92 65 42 34 62 52 59 47 58 59 43 52 63 81 42 72 80 91 77 52 56 73 59 60 81 82 72 48 77 44 53 56 39 59 62 67 73 60 67 66 58 69 62 64 84 75 77 66 71 70 60 42 54 86 54 36 53 52 50 38 
9 7 8 13 11 10 0 8 0 6 9 1 10 10 1 0 5 14 2 1 9 1 5 3 4 10 7 12 2 14 6 1 7 13 8 4 13 1 13 1 13 12 12 3 4 1 11 0 11 12 14 3 5 11 14 11 4 12 0 11 3 3 0 14 13 8 1 0 6 13 8 11 4 1 3 11 10 1 8 14 14 13 14 10 11 12 2 14 3 0 10 2 10 5 12 10 9 13 1 3 
2 10 9 13 4 14 3 14 6 14 4 3 9 14 0 4 5 4 8 9 9 12 13 13 4 14 12 8 12 5 6 9 5 12 11 14 0 5 1 14 7 2 4 8 6 11 1 7 12 1 9 8 8 9 9 7 6 5 14 12 13 8 4 1 9 1 5 5 12 2 1 13 2 3 10 3 3 10 0 2 5 1 13 6 13 10 11 10 7 10 10 11 7 2 5 7 5 8 14 3 
44 62 83 79 71 60 72 59 53 49 75 75 54 77 50 69 62 52 63 67 71 67 82 70 57 77 58 67 58 68 69 52 60 40 47 59 60 50 45 52 80 83 54 77 52 45 58 68 52 55 55 75 79 71 74 70 56 77 62 75 61 61 61 55 63 54 71 78 67 76 51 61 52 54 65 29 60 56 72 73 92 79 72 68 74 56 66 86 71 76 49 65 44 50 80 70 69 56 40 47 
45 58 57 70 50 62 72 62 70 78 55 61 50 87 68 73 61 66 67 60 54 61 58 70 64 71 84 74 76 64 60 58 64 60 72 73 55 45 54 49 61 46 75 61 51 60 55 74 73 47 65 37 78 96 57 68 62 65 94 58 70 59 60 54 82 69 54 69 45 47 83 61 69 74 61 47 82 85 83 58 72 75 85 72 60 64 68 53 39 55 48 59 55 76 44 65 48 61 67 28 
57 55 81 66 66 34 56 52 67 79 65 46 78 63 62 57 66 71 66 66 46 76 50 50 69 55 81 55 83 47 55 53 48 90 70 73 60 71 54 62 48 50 60 72 80 47 56 81 77 59 57 65 77 68 64 72 52 53 71 52 71 76 61 84 80 50 77 57 66 62 78 54 66 68 46 63 63 80 63 58 49 48 57 77 79 51 58 76 51 76 69 61 69 70 73 65 48 85 69 38 
33 51 63 65 58 47 54 69 62 73 74 57 64 77 52 59 66 65 53 67 47 57 57 71 58 66 49 77 85 58 51 54 53 63 67 70 68 74 66 65 70 81 69 87 62 73 56 63 44 67 57 80 69 68 72 54 73 83 42 74 68 55 51 80 61 63 60 42 44 48 78 85 64 100 74 61 51 46 44 53 60 65 71 89 76 72 48 50 54 50 51 71 78 75 52 87 57 67 52 55 
1 0 13 14 10 3 7 3 6 8 11 0 10 5 3 13 0 12 7 5 2 3 7 1 12 9 13 14 0 8 3 3 13 5 3 1 0 1 2 9 2 11 13 4 0 3 1 8 11 6 12 6 2 4 12 4 8 5 14 0 5 6 7 11 5 7 10 11 0 1 8 2 14 8 9 0 3 7 11 8 2 10 1 4 13 3 3 2 8 2 10 10 14 4 10 3 10 4 8 11 
10 6 0 5 7 5 1 12 11 11 7 10 0 3 6 6 4 1 6 6 8 6 12 9 9 13 4 5 8 3 3 0 6 6 0 3 14 14 9 13 6 10 9 3 7 0 12 8 8 0 12 6 8 1 1 7 13 2 5 3 7 5 3 11 12 5 9 10 2 11 7 5 7 4 2 5 12 6 6 14 0 3 3 11 3 8 6 8 7 5 4 5 6 11 3 10 5 10 9 12 
51 65 53 79 54 53 95 46 76 78 45 53 66 55 53 55 48 53 90 61 74 41 70 87 77 87 58 75 61 99 49 76 47 40 62 60 87 68 57 52 59 63 57 54 49 65 58 62 58 57 63 69 75 69 62 80 61 77 73 62 64 78 57 50 62 58 62 48 46 66 55 52 73 72 57 65 63 62 65 72 93 89 73 72 42 66 51 53 65 68 64 82 70 64 69 55 56 54 54 36 
32 46 45 60 86 71 56 54 53 60 56 58 72 57 74 53 58 54 64 63 71 87 87 60 74 51 59 57 53 73 58 53 68 66 60 61 71 70 73 66 60 56 75 66 75 33 51 59 70 61 80 61 66 73 70 43 66 63 78 57 53 84 95 51 73 53 52 50 69 68 73 54 59 62 66 63 76 53 44 83 70 57 78 61 47 61 67 78 63 84 72 76 52 69 67 51 76 73 59 70 
34 48 82 71 68 71 54 75 65 59 85 50 61 56 63 57 48 46 68 78 54 50 95 65 53 64 68 75 66 76 57 80 59 70 68 62 61 66 72 64 52 63 60 56 41 78 68 58 75 62 69 57 63 70 76 67 79 81 46 62 64 64 68 55 49 65 62 62 64 61 84 75 61 68 58 52 70 61 61 59 62 67 59 62 65 86 54 57 43 62 69 75 71 44 61 57 62 70 47 64 
62 61 59 58 66 61 58 65 48 68 62 51 44 51 75 91 62 63 49 77 71 57 56 51 61 49 62 50 53 65 62 50 56 78 58 80 46 48 58 59 66 60 54 69 66 67 70 71 61 75 57 88 74 95 63 51 60 71 65 83 58 59 68 92 57 96 62 65 57 75 64 67 67 60 48 62 71 62 88 77 76 84 66 36 53 53 76 57 61 59 73 55 61 44 56 67 66 69 44 53 
12 1 4 2 1 14 5 4 5 1 0 3 3 12 12 12 10 11 10 12 11 3 10 6 8 8 12 1 1 13 3 12 4 6 9 1 8 8 14 0 5 9 11 12 8 12 4 12 4 6 4 9 3 13 0 6 2 13 5 13 13 4 7 1 5 5 10 1 12 5 12 8 13 6 4 10 3 12 0 10 13 3 5 13 4 1 3 1 7 14 7 6 1 3 10 10 10 5 1 7 
48 47 72 37 40 68 87 69 67 48 74 70 49 53 53 63 78 68 68 79 57 59 57 63 90 65 68 64 65 81 92 58 78 45 65 69 77 60 69 72 73 80 63 81 72 54 36 68 36 55 53 61 46 53 82 54 56 65 65 66 73 62 52 76 45 66 54 58 52 54 97 61 60 77 66 63 50 75 57 82 52 69 59 71 72 54 50 61 84 72 69 54 61 52 71 51 76 71 42 50 
2 10 9 1 6 12 11 4 6 7 6 8 7 11 11 4 4 1 11 14 13 11 0 7 5 6 7 3 13 0 2 0 2 14 2 4 11 13 7 14 14 13 13 6 14 1 10 9 0 12 8 2 6 10 0 1 13 6 10 12 13 8 8 12 5 14 7 11 6 1 0 14 13 3 1 12 8 13 14 4 5 8 12 12 3 8 9 1 7 10 3 13 13 0 12 12 11 6 2 14 
40 71 54 60 66 90 78 73 78 76 82 56 46 41 37 58 47 53 57 70 60 63 58 76 65 72 70 100 43 33 65 56 63 61 67 71 67 62 67 61 85 74 57 59 55 63 53 44 73 60 62 59 62 59 56 56 44 42 50 51 75 58 77 72 87 43 76 73 83 77 75 87 82 63 52 53 60 72 57 71 68 96 65 70 74 69 51 44 61 60 83 49 53 70 65 86 81 61 33 42 
34 51 57 83 66 69 53 81 69 81 66 63 65 56 61 43 77 86 70 73 67 77 68 85 52 61 64 64 76 44 65 71 71 49 60 65 62 41 65 62 62 64 69 53 64 68 68 71 58 71 57 68 83 67 76 75 53 65 59 77 51 65 72 56 51 64 77 53 74 61 88 48 57 68 69 67 77 63 69 50 68 36 58 66 52 57 55 72 54 54 65 60 57 54 70 73 71 44 29 64 
0 6 6 8 2 5 9 4 14 3 2 9 2 9 9 5 14 8 4 14 6 13 8 9 9 10 12 13 9 13 14 1 4 9 4 12 5 9 10 10 12 0 6 5 8 11 14 11 3 7 10 11 0 12 3 1 2 8 3 8 7 2 7 6 14 7 0 6 8 1 14 8 6 3 1 1 5 7 6 3 13 3 4 4 6 13 9 6 9 2 8 8 8 7 11 9 5 8 6 2 
3 10 14 14 1 14 8 14 10 7 9 1 5 13 9 5 4 11 3 13 7 9 14 12 6 5 12 7 11 14 2 1 8 7 7 7 4 9 13 8 9 13 0 0 7 12 10 14 4 6 9 14 4 12 8 14 2 13 5 11 13 6 10 9 6 4 5 2 0 10 9 8 5 7 10 11 1 13 1 3 13 6 13 0 9 0 9 10 7 6 4 1 7 7 7 5 3 7 10 9 
13 11 1 14 12 14 1 1 4 5 12 0 6 6 10 1 5 13 6 11 1 11 2 14 4 13 8 11 4 9 5 3 6 7 5 1 0 12 7 4 8 0 7 0 11 12 0 4 14 2 5 1 5 0 1 12 2 4 8 4 3 7 3 2 5 5 5 12 12 14 0 9 12 2 8 5 0 14 8 14 8 5 5 5 6 3 13 10 10 0 4 5 2 12 3 1 1 12 10 2 
1 6 12 11 13 12 12 4 2 14 5 10 11 12 7 3 1 4 6 3 12 11 3 9 13 10 3 6 9 5 9 11 2 10 10 6 3 5 6 2 13 12 7 3 2 5 9 11 8 6 6 14 9 2 10 5 7 4 5 8 13 5 8 13 13 2 10 3 8 10 10 5 10 8 12 4 9 10 13 6 1 9 4 11 2 9 8 4 8 8 5 5 0 4 0 5 0 10 13 1 
44 50 53 75 56 62 66 65 77 54 52 68 70 70 74 75 50 51 56 65 88 74 80 60 64 93 61 40 70 52 70 72 48 58 59 75 77 76 72 90 42 66 51 64 45 65 83 51 63 59 58 60 59 52 65 69 66 67 74 56 79 65 75 50 84 59 83 75 59 79 48 57 59 68 58 74 64 49 77 56 71 68 59 55 54 56 71 44 58 83 75 78 53 43 63 58 74 57 59 31 
5 10 9 5 7 14 9 13 8 10 10 4 5 9 5 4 12 11 4 8 1 9 11 2 1 11 5 7 13 13 1 11 13 6 12 14 7 13 14 6 4 1 9 12 6 4 9 4 3 7 5 12 4 11 8 5 11 8 11 13 4 11 9 14 3 8 11 7 12 0 12 11 14 5 11 9 0 2 1 0 1 3 13 4 4 9 10 13 1 10 10 13 13 4 14 5 10 4 1 0 
7 1 6 2 11 3 6 9 11 14 9 9 0 10 8 10 5 11 0 7 2 5 0 5 9 3 5 8 11 8 13 1 3 7 9 3 12 7 10 5 0 13 5 5 6 12 2 14 5 5 2 1 4 1 8 5 13 11 11 7 1 7 2 8 7 13 9 10 3 7 12 10 0 5 13 12 14 12 1 7 2 5 5 0 2 11 11 9 10 12 6 9 5 13 9 13 12 13 9 7 
71 67 56 65 53 55 53 80 68 68 69 53 64 65 55 50 65 39 56 65 77 59 49 59 56 74 75 77 66 76 58 61 70 63 81 53 67 60 57 51 59 51 61 48 72 69 75 81 66 49 79 55 68 70 65 67 76 63 85 48 48 57 76 73 52 66 80 73 81 76 53 74 69 65 68 80 76 46 53 47 64 64 43 70 50 50 63 66 77 72 71 47 54 67 70 80 78 76 42 39 
8 13 12 5 12 4 0 5 1 10 3 8 4 13 9 11 6 6 0 12 11 7 5 7 7 0 11 8 7 1 9 5 7 7 7 9 10 3 9 14 9 5 6 11 6 2 13 3 2 1 4 0 11 1 7 5 8 14 1 5 1 6 7 3 5 13 5 5 7 0 7 8 11 5 11 11 6 11 1 2 10 13 5 8 12 14 0 2 0 12 0 13 4 7 13 11 14 14 9 12 
7 12 1 6 14 9 12 13 0 1 13 13 4 14 2 11 6 10 14 11 2 13 8 5 3 12 2 7 1 0 1 4 6 13 2 9 7 12 5 3 12 9 6 8 10 6 9 5 6 8 7 0 12 14 5 2 0 1 1 14 5 0 13 5 9 5 14 9 9 12 5 8 9 10 7 1 13 6 0 3 3 10 9 5 4 4 4 7 3 4 14 12 3 13 7 8 3 13 6 0 
9 7 2 13 0 2 6 7 3 5 4 14 12 0 5 8 13 8 0 12 14 2 11 7 14 2 12 12 12 5 10 0 5 5 8 13 1 5 14 11 8 14 9 7 10 10 14 10 8 9 1 2 14 3 1 11 8 5 14 13 1 7 13 11 9 5 14 12 10 7 4 5 3 11 14 14 3 5 9 6 10 1 2 6 11 11 3 11 14 2 1 9 2 7 13 4 11 1 10 12 
31 71 85 50 54 54 77 69 78 78 57 80 64 69 73 70 65 86 77 55 78 55 55 58 53 65 61 46 76 60 69 45 65 60 58 83 52 45 86 50 56 79 55 69 63 55 63 60 64 52 68 75 54 63 58 47 62 74 65 67 75 63 62 86 74 51 41 76 46 76 53 55 56 57 64 61 55 67 82 64 72 61 57 62 61 47 82 64 74 83 89 93 67 55 69 56 51 58 38 51 
11 2 10 14 4 11 5 9 0 11 14 11 11 3 14 3 14 0 11 10 12 0 6 8 6 2 5 0 5 8 9 12 2 13 10 3 2 2 9 10 13 6 6 3 1 7 10 12 5 10 12 8 1 8 4 12 13 0 6 3 0 3 14 7 14 1 7 14 3 7 11 8 12 6 1 1 11 6 6 0 6 14 12 14 11 10 10 14 3 2 9 1 1 10 6 9 9 3 11 11 
46 54 58 45 59 67 78 75 57 55 71 82 55 57 57 72 62 47 59 70 70 60 62 77 70 62 77 72 68 60 58 61 81 55 96 95 59 71 46 69 62 63 65 62 50 55 60 68 75 74 58 49 71 50 51 74 61 51 49 48 50 46 48 45 57 55 84 52 91 62 59 61 55 63 62 81 47 46 53 65 66 74 67 57 87 78 72 100 81 85 79 78 49 81 59 61 68 59 54 17 
37 60 37 45 56 69 68 76 75 84 40 48 59 36 53 79 79 58 76 65 66 57 51 71 66 69 56 53 52 58 68 76 63 74 46 55 51 60 54 83 50 80 65 51 77 56 66 56 66 70 47 75 74 63 66 58 58 76 82 80 65 52 79 54 59 58 51 95 80 64 60 73 77 57 66 50 76 64 49 77 79 82 65 65 64 78 52 76 60 69 65 69 66 77 89 63 50 51 41 35 
44 45 98 73 85 65 48 55 73 47 58 53 66 61 82 80 66 63 48 75 83 45 46 54 45 68 76 56 58 57 48 53 62 67 69 78 68 56 66 65 51 49 57 53 61 68 51 37 62 53 51 69 89 56 55 59 55 98 71 67 53 52 74 74 53 60 81 55 68 56 36 78 69 82 60 57 47 65 75 70 74 68 83 80 70 64 62 63 73 83 87 83 65 50 49 55 76 61 62 30 
3 14 1 1 8 3 10 5 9 3 1 3 11 14 7 7 7 4 6 10 13 1 2 11 5 11 9 12 1 6 1 6 6 5 1 7 5 12 0 3 1 5 9 10 4 1 5 9 13 2 3 14 10 8 11 5 13 7 10 5 4 9 14 7 6 2 7 0 11 0 8 13 2 13 8 11 3 7 6 11 4 12 9 8 7 13 6 6 12 14 5 10 10 4 1 6 0 1 11 5 
7 8 1 10 5 1 10 12 13 14 6 7 10 3 8 9 6 14 12 11 0 13 5 0 10 9 5 14 12 8 5 3 10 13 9 6 9 2 0 11 2 9 6 8 5 12 8 8 12 14 1 8 10 0 1 8 13 7 6 13 6 8 2 0 14 14 0 6 8 13 4 13 3 0 8 5 3 10 6 5 7 6 10 1 13 13 7 8 12 13 10 4 2 4 6 8 5 10 8 4 
7 11 8 4 0 10 9 13 7 7 4 4 5 10 6 12 9 14 11 3 7 3 4 2 4 4 3 12 2 0 5 4 6 13 13 2 0 13 3 13 10 10 5 10 12 5 5 9 9 14 2 13 2 7 14 13 13 14 5 5 9 6 11 10 3 3 5 11 2 8 11 10 4 1 6 14 9 0 10 2 11 11 6 12 7 4 13 8 5 4 10 10 6 9 10 11 4 5 10 6 
52 42 87 67 74 63 72 57 46 56 81 58 75 87 73 36 48 35 82 55 84 63 57 33 51 38 50 57 75 59 84 71 74 62 59 55 37 54 64 71 70 65 67 61 72 50 62 70 84 55 62 51 53 73 59 51 45 82 66 96 72 81 64 62 59 78 57 75 62 57 47 77 46 60 91 76 68 77 72 69 84 83 56 61 46 36 69 57 76 74 78 84 77 56 75 65 71 54 32 31 
6 11 0 2 7 7 11 3 0 14 1 0 3 2 2 14 4 2 3 8 12 9 10 10 9 12 1 8 6 1 5 6 10 4 11 2 2 6 6 2 0 12 14 11 9 4 9 3 6 0 0 6 1 8 14 13 14 12 1 10 5 13 11 8 10 10 6 12 14 10 13 9 5 0 9 11 10 1 12 9 11 8 6 1 2 4 2 13 7 1 5 8 10 11 2 8 2 5 11 14 
3 14 5 0 9 12 11 5 0 11 3 5 0 2 10 10 11 2 2 13 12 5 8 1 11 0 1 6 12 1 10 3 14 10 13 3 2 8 14 3 9 9 4 7 7 14 10 9 10 9 2 6 9 9 11 10 4 3 6 13 4 0 0 2 1 6 10 4 9 5 3 9 10 7 10 11 11 12 8 11 14 8 13 9 1 10 8 12 3 11 6 10 8 7 1 1 13 0 3 1 
6 1 8 6 4 11 11 14 11 4 3 8 1 7 6 11 3 13 8 6 8 9 11 6 12 13 0 8 5 11 8 11 8 12 12 0 7 8 3 14 12 13 7 7 4 8 8 12 8 8 10 0 10 12 7 10 8 3 5 6 10 6 5 9 11 13 12 9 1 8 12 7 12 0 10 6 4 13 4 10 4 2 7 13 11 13 9 10 10 1 9 7 13 7 14 7 11 1 14 10 
30 78 67 77 57 49 71 67 86 54 61 65 69 57 69 54 65 76 89 63 61 46 64 59 69 49 63 70 43 73 64 76 86 38 56 56 52 50 82 69 67 79 70 80 59 66 58 87 66 86 58 48 47 57 71 83 64 63 65 42 58 46 66 68 47 57 70 45 46 50 69 70 62 55 51 76 75 64 36 63 74 60 75 74 74 58 58 78 81 79 53 39 71 64 58 73 65 69 68 51 
12 11 14 12 0 11 13 12 10 0 5 13 2 1 4 0 8 4 7 10 0 0 7 9 3 14 6 7 12 4 11 11 6 3 7 2 2 14 9 1 0 6 14 1 13 7 2 6 14 13 5 0 11 10 5 4 4 14 1 10 14 4 6 4 0 5 11 2 5 3 9 9 8 3 11 1 1 0 1 13 2 6 10 12 2 14 5 3 4 5 1 1 8 12 14 12 12 11 1 2 
35 50 56 51 61 67 69 57 70 51 45 51 54 51 47 36 58 79 88 69 80 74 59 67 78 74 68 76 85 71 73 79 66 45 67 63 52 48 62 70 60 68 42 100 69 69 69 81 62 64 55 44 52 41 54 82 85 64 79 54 64 69 59 56 55 58 80 71 63 39 87 65 70 58 46 67 71 74 62 74 71 92 80 62 63 40 63 59 63 50 64 45 67 60 74 68 78 56 39 48 
10 14 5 4 12 5 11 7 14 0 11 2 10 5 1 14 4 14 5 1 1 9 0 2 10 12 3 9 11 6 7 2 7 9 6 13 0 10 4 14 1 13 12 4 4 6 3 4 13 13 12 14 0 2 0 1 3 14 0 7 11 0 0 6 12 8 0 11 12 10 0 13 14 1 11 10 12 1 6 3 12 6 1 8 12 13 14 3 8 10 12 7 5 3 1 0 14 5 6 9 
30 41 62 73 63 72 71 75 68 59 53 81 61 91 83 58 76 45 61 57 75 55 59 51 70 60 61 58 49 85 50 72 63 75 75 66 62 61 59 55 78 53 71 55 64 65 63 56 62 59 42 83 76 74 56 63 58 67 79 88 77 64 53 67 43 65 81 58 55 61 57 63 59 72 61 65 59 58 61 70 74 58 66 52 62 92 81 86 82 51 35 61 75 62 70 44 54 69 46 28 
34 59 55 59 71 79 55 57 66 64 71 50 44 62 55 55 73 64 66 74 50 68 83 68 68 61 92 67 74 80 63 77 56 70 65 59 68 51 66 50 70 71 67 39 69 74 85 66 59 64 58 58 67 82 63 85 78 66 61 43 63 54 52 52 63 64 51 53 68 58 73 100 64 62 52 63 46 69 71 65 64 51 69 63 61 64 62 65 61 70 59 67 67 50 57 60 41 85 52 31 
56 49 54 53 59 68 67 76 59 76 66 57 45 41 86 71 78 86 54 62 68 59 69 85 54 54 52 50 43 45 59 53 69 46 58 70 80 66 59 68 72 73 69 69 72 56 75 45 51 51 56 63 58 69 68 58 53 73 59 76 67 63 66 53 60 50 76 66 57 70 48 65 71 85 82 74 43 58 69 93 80 59 59 61 35 78 67 80 62 77 71 90 69 58 74 54 41 83 67 31 
49 45 68 72 61 63 47 60 48 63 69 45 66 58 66 58 82 49 64 64 47 75 59 85 55 67 47 56 84 57 74 52 65 45 61 61 83 64 66 64 83 74 60 52 66 53 56 72 70 55 68 75 58 61 58 78 81 65 61 68 63 53 48 79 69 72 77 59 58 57 59 69 59 50 54 89 76 80 74 54 76 56 45 73 59 78 61 59 90 74 77 77 48 68 60 78 50 43 61 34 
0 1 2 0 11 6 2 2 14 0 14 1 1 1 3 13 3 5 3 13 8 10 11 12 3 1 0 2 5 7 9 0 6 11 0 7 11 9 10 8 8 12 3 2 10 3 3 9 5 9 3 1 6 14 12 10 7 7 4 6 12 3 9 1 10 4 11 11 1 10 6 13 14 6 1 5 0 4 1 7 12 6 2 0 14 3 7 11 12 4 8 3 0 11 2 14 6 1 7 13 
41 54 61 51 71 68 67 90 74 61 57 59 67 52 44 68 63 64 66 62 51 74 59 67 50 58 66 99 77 67 71 43 55 67 59 54 67 47 64 80 65 67 68 72 61 56 70 55 67 80 66 74 64 54 72 63 53 42 74 55 68 75 80 82 89 76 69 61 65 46 69 66 76 78 57 54 56 47 62 48 72 61 62 59 52 57 41 57 74 61 78 55 51 62 56 77 49 57 74 35 
51 68 74 67 42 56 52 46 48 57 52 63 50 57 56 58 40 61 54 59 66 91 70 78 76 75 68 82 62 48 73 60 74 54 75 33 69 70 66 61 67 60 60 62 72 59 66 80 76 55 76 62 84 75 66 64 55 58 67 54 68 74 77 72 80 64 72 81 79 85 63 53 62 60 64 45 69 59 41 72 57 65 46 64 57 51 62 65 60 70 77 67 60 63 54 59 59 60 43 56 
44 52 75 69 74 58 51 80 55 62 59 71 65 55 59 55 57 64 50 76 48 80 78 80 76 79 73 67 50 64 55 78 58 55 82 37 73 49 61 74 66 36 64 55 56 48 76 57 76 78 64 70 80 64 67 67 56 60 51 60 64 66 42 66 74 72 53 67 79 79 67 56 65 76 60 59 60 53 64 87 71 71 57 67 79 60 76 47 63 50 55 83 59 46 61 86 51 65 53 34 
5 6 6 4 6 13 14 6 6 1 1 11 1 11 4 3 11 3 1 9 13 4 7 6 10 14 13 3 6 3 10 2 10 1 6 4 12 14 8 9 6 3 7 12 9 0 11 12 0 11 4 2 8 2 1 7 10 7 8 4 13 2 7 7 10 12 1 13 9 2 10 7 14 5 6 11 11 3 10 1 8 4 9 10 11 10 6 4 10 0 11 10 2 9 6 11 14 6 14 11 
8 8 12 6 10 12 12 1 7 2 1 8 1 7 2 9 12 8 8 8 11 6 4 5 10 13 8 9 4 8 12 4 3 6 8 13 6 0 14 0 13 3 7 14 8 9 11 8 13 8 13 14 8 1 11 13 11 0 6 5 2 13 1 9 0 5 4 4 9 8 13 12 3 1 2 10 4 10 2 4 6 7 13 7 13 5 14 8 6 2 7 3 1 13 5 6 11 1 14 6 
12 7 8 9 7 5 4 4 5 5 12 1 10 2 3 9 11 1 3 2 5 9 8 1 9 1 10 4 12 13 5 13 12 6 7 9 13 9 6 3 14 5 7 11 14 9 10 2 6 1 2 14 14 2 10 13 2 10 6 7 0 5 12 5 12 14 6 13 1 10 14 6 5 8 2 6 4 8 7 0 4 2 7 3 14 1 7 6 2 9 14 6 12 6 5 14 14 5 2 1 
0 2 9 13 10 0 14 6 2 7 8 11 9 13 13 8 7 7 3 10 3 12 14 9 8 10 9 3 8 10 1 5 3 8 9 11 8 1 3 10 3 5 2 14 12 5 9 6 5 9 13 6 10 14 2 1 14 10 0 9 12 13 6 1 2 7 11 14 14 13 6 0 13 13 7 12 12 2 1 9 11 10 12 5 4 7 11 4 12 10 11 3 8 6 13 13 1 7 1 10 
38 54 52 51 58 60 63 79 69 41 82 49 71 63 74 63 75 60 55 44 63 69 48 67 68 72 80 67 88 52 74 74 61 74 70 62 51 61 75 59 51 59 50 75 71 63 69 64 78 61 96 74 50 44 73 54 53 49 61 56 54 52 88 70 61 59 52 62 74 64 64 85 73 69 87 85 65 65 55 64 52 68 53 62 81 54 63 69 53 53 60 64 75 57 70 66 64 57 45 53 
38 53 100 78 51 71 49 75 58 58 62 54 54 62 60 38 64 56 76 67 96 74 56 38 57 61 66 67 75 62 73 92 66 76 87 49 60 56 77 81 76 59 93 53 72 47 50 63 82 63 43 56 60 70 56 69 57 64 49 81 84 59 73 53 77 67 61 50 57 68 52 62 55 63 56 65 78 59 79 50 58 72 51 81 72 69 54 53 70 62 71 52 100 94 49 51 44 44 44 41 
14 9 2 2 14 11 5 13 1 14 7 12 7 13 11 4 8 11 10 0 8 12 4 2 2 11 7 9 14 1 10 2 10 3 3 4 13 9 3 11 10 4 3 13 7 2 6 9 6 11 3 9 4 11 8 10 9 14 9 0 0 4 14 9 4 3 8 14 2 4 0 9 1 13 7 2 6 1 6 3 11 12 9 7 10 6 12 10 13 11 2 8 9 8 2 3 11 13 10 14 
6 14 0 13 14 3 12 11 8 1 2 3 10 7 9 7 5 4 12 13 11 2 9 1 11 11 2 10 1 13 0 5 9 4 6 5 1 13 10 6 11 8 11 1 3 8 10 1 8 7 3 9 2 8 3 5 4 3 1 3 10 9 2 12 14 12 3 13 10 2 6 11 5 11 6 13 11 7 11 9 14 4 0 13 0 2 13 10 9 4 5 7 3 10 9 11 1 12 4 13 
14 9 4 1 6 1 2 1 1 12 9 3 6 10 1 9 13 7 0 2 11 3 0 7 1 0 6 1 13 1 6 11 2 1 0 13 14 12 7 10 12 8 14 9 5 2 10 14 5 6 6 5 4 1 6 0 14 5 8 1 6 8 3 8 5 8 6 11 1 2 11 3 14 2 9 9 14 12 1 0 13 9 4 9 2 8 4 10 13 13 8 4 3 9 6 10 9 10 9 4 
10 3 6 4 6 12 12 4 2 8 2 12 10 14 12 9 4 11 5 13 8 13 1 7 8 7 4 13 3 14 7 8 5 7 10 13 13 3 10 2 10 3 0 13 0 8 2 9 14 11 1 1 5 4 9 1 13 3 0 7 3 13 12 6 5 14 6 5 11 4 3 7 5 9 14 4 10 9 7 13 8 8 8 11 4 13 10 13 1 14 12 4 8 8 3 13 8 1 1 7 
45 37 60 54 57 60 82 78 70 66 100 70 56 61 47 88 52 66 55 76 73 44 42 83 65 52 73 74 48 47 83 67 55 56 68 46 55 58 67 41 63 55 63 64 69 55 65 58 58 64 53 74 40 71 56 53 74 79 71 57 73 44 70 60 70 80 55 64 91 66 68 41 76 64 62 55 63 64 72 71 80 72 65 91 54 57 54 65 71 75 78 70 55 75 75 51 65 51 55 33 
8 12 2 13 14 13 4 0 2 12 12 4 6 4 3 0 2 8 4 9 2 11 5 10 12 14 1 7 10 14 8 0 1 3 13 0 2 6 11 8 5 9 7 9 2 10 14 12 7 8 11 7 8 4 12 3 9 2 2 8 12 4 4 1 1 4 6 5 1 0 11 5 12 2 1 4 5 12 9 14 7 13 10 8 0 0 5 4 0 7 4 11 8 13 3 2 6 1 6 7 
42 57 41 51 69 47 60 63 58 61 59 77 66 53 72 53 41 51 60 64 72 68 71 57 62 60 53 95 93 50 55 52 62 58 90 80 83 70 54 39 73 55 72 69 77 54 33 62 75 86 62 65 54 38 58 74 76 67 51 79 85 92 65 57 52 81 57 74 82 49 46 64 63 75 59 70 54 71 75 78 78 50 58 61 56 72 55 68 76 78 52 78 64 84 71 66 51 60 40 27 
54 51 81 77 78 67 73 69 44 74 83 70 71 57 64 53 60 58 73 61 57 55 50 46 58 81 68 49 74 46 47 46 74 64 67 67 46 73 89 60 92 47 62 54 59 74 66 82 77 68 83 66 59 76 65 56 69 80 60 69 64 47 56 78 55 60 60 59 81 57 58 52 39 47 60 63 64 43 57 84 58 69 63 74 63 40 69 61 64 62 69 78 83 52 52 60 46 70 52 52 
