10
6 8 11 10 13 7 4 14 12 0 12 1 14 7 3 7 8 9 10 11 11 1 9 2 7 6 0 7 6 14 4 4 0 6 10 14 12 6 5 6 7 11 14 1 14 3 0 11 0 5 2 12 1 4 11 10 6 10 11 8 12 10 6 8 12 3 6 6 10 6 1 11 1 1 13 10 13 8 0 3 14 0 6 8 10 4 1 5 8 3 8 13 10 1 1 9 8 2 3 4 
10 13 12 5 9 9 2 7 12 9 4 1 1 0 11 4 14 3 11 8 3 6 12 9 4 12 14 0 1 12 11 7 10 5 10 12 14 5 4 0 3 4 8 4 1 0 5 0 2 12 10 4 4 3 12 6 12 11 4 1 2 6 3 6 9 2 8 11 7 14 1 8 2 0 1 9 11 9 1 1 0 6 8 8 5 14 4 8 12 13 9 4 14 8 12 10 12 10 2 4 
36 66 46 50 46 52 43 60 93 83 86 61 87 67 68 64 46 44 56 80 59 63 49 60 75 65 88 55 76 63 69 71 71 62 62 58 69 73 65 59 65 75 72 64 55 73 77 61 57 70 71 56 47 67 70 63 49 61 75 67 58 57 55 53 62 51 65 56 69 62 64 69 77 41 77 54 72 70 70 62 53 76 51 58 66 74 52 71 56 53 63 66 84 53 72 63 58 89 49 49 
7 0 13 10 14 0 6 5 13 13 11 0 7 13 3 6 4 11 5 14 0 14 0 0 10 0 12 3 4 0 6 6 4 4 7 3 3 7 1 6 14 4 8 13 8 4 9 0 2 12 4 10 11 2 12 1 1 6 7 12 0 4 11 12 1 13 14 1 3 2 8 4 4 9 4 11 11 8 3 1 2 9 6 11 0 11 6 12 13 10 2 4 4 9 11 3 9 14 5 13 
0 2 1 4 2 7 3 8 13 12 2 14 11 2 2 5 8 12 8 2 5 11 13 0 6 1 0 7 6 1 14 8 8 14 5 3 0 8 5 13 0 1 5 2 5 0 14 13 5 0 2 5 8 3 0 14 11 8 3 5 4 3 13 12 13 2 7 10 6 7 11 11 4 9 10 9 5 12 6 2 12 7 11 5 1 1 6 1 12 4 1 9 3 0 5 9 4 3 0 1 
59 50 81 65 97 92 79 66 76 57 87 59 54 78 74 54 68 53 70 59 73 78 59 67 54 74 73 60 61 45 83 49 72 55 78 50 65 39 57 57 72 79 93 64 49 63 72 62 46 75 63 93 51 54 62 60 47 59 84 63 50 64 65 59 72 56 85 59 75 59 38 51 54 43 60 69 58 74 67 81 59 72 52 48 52 47 53 64 78 48 52 67 44 77 57 80 49 67 48 39 
5 3 4 0 0 3 14 2 1 8 5 4 11 3 5 12 3 8 9 7 8 7 7 2 7 14 5 9 1 9 7 11 12 8 6 5 10 5 7 12 0 4 6 12 1 12 3 9 2 3 13 5 1 1 8 11 10 14 13 5 14 14 10 7 13 2 0 2 7 2 4 2 1 10 9 0 2 6 6 11 14 0 4 13 13 5 2 2 6 7 12 0 8 9 3 5 6 13 4 8 
35 61 59 61 32 74 79 61 50 81 56 51 80 70 45 52 46 66 46 78 60 72 66 51 70 75 73 60 61 84 42 85 79 71 77 50 47 51 82 79 86 57 67 76 48 56 55 54 85 72 67 52 84 53 76 63 64 68 59 74 43 64 55 56 45 68 63 68 44 72 68 63 64 71 67 55 52 84 91 72 67 67 60 83 77 77 54 49 64 72 71 57 67 51 64 52 52 63 79 34 
50 65 63 65 72 66 52 72 68 71 59 66 65 72 63 57 56 87 79 73 50 53 80 60 71 62 67 54 66 74 74 59 68 50 48 53 60 44 59 66 78 72 78 43 64 58 61 59 59 93 47 71 56 69 53 60 64 87 66 56 63 36 47 64 51 76 73 71 66 62 49 58 46 50 45 49 76 76 74 85 69 42 44 38 58 84 74 65 74 80 62 55 75 66 74 65 66 75 58 47 
5 6 5 6 2 2 1 4 14 1 1 10 14 6 12 12 12 3 4 4 8 4 13 14 14 9 11 1 2 8 11 1 10 12 11 2 12 2 0 1 4 4 14 3 11 10 3 0 13 1 1 2 9 3 7 0 4 12 3 7 14 7 2 6 4 14 5 0 12 2 11 8 14 4 0 13 0 8 10 5 9 11 2 8 0 11 7 11 1 14 3 13 6 14 4 14 10 3 11 7 
