10
13 4 0 8 1 13 14 4 4 3 14 14 8 6 9 3 4 1 0 11 3 14 9 8 4 14 4 1 11 4 0 11 8 14 4 3 9 14 5 10 6 5 10 5 6 5 13 2 3 5 11 12 0 2 14 3 4 6 9 13 4 8 3 11 4 3 12 2 6 13 5 5 14 1 14 5 11 14 1 11 2 0 7 13 2 11 6 12 0 5 13 0 4 14 2 1 14 11 5 3 
4 8 13 3 9 4 6 2 8 11 8 11 5 3 14 13 10 8 6 13 14 14 3 4 13 14 6 0 9 4 2 14 2 1 11 0 0 5 9 6 6 3 4 12 4 7 11 11 2 5 5 1 7 3 2 11 13 2 3 2 9 0 12 13 1 4 10 7 3 8 3 4 8 13 12 0 2 7 7 4 6 5 1 10 0 0 6 0 14 12 5 7 4 8 3 5 1 14 2 13 
20 17 20 21 22 49 36 30 37 32 25 28 48 38 38 41 31 47 25 35 39 25 24 46 48 23 34 36 27 25 39 42 38 30 42 28 19 22 27 34 23 32 34 27 26 27 41 35 26 28 25 52 29 30 26 33 40 37 29 35 32 41 29 29 28 38 32 47 26 24 32 27 35 37 41 27 29 25 46 33 39 33 25 23 33 37 16 27 26 38 20 31 29 29 36 40 35 28 22 21 
8 14 11 4 1 9 8 9 10 0 13 8 8 3 6 7 6 10 12 7 2 6 0 4 4 1 13 0 8 3 11 12 10 9 10 4 3 14 2 14 10 5 12 0 11 4 5 2 13 1 6 11 9 0 14 13 5 11 7 1 13 10 13 0 6 5 5 2 10 6 8 5 2 4 13 11 8 12 4 14 11 5 7 3 12 5 4 5 7 0 4 5 9 0 13 8 1 0 0 1 
16 38 38 37 32 34 43 47 47 47 31 46 43 24 35 33 29 38 35 37 32 29 22 29 24 30 33 41 28 21 28 28 14 28 30 35 28 42 26 42 29 34 31 51 38 26 20 37 21 24 37 24 39 45 47 56 45 46 35 34 22 27 41 20 40 30 38 27 16 37 30 31 29 30 27 19 26 15 22 15 17 25 21 27 18 26 27 38 42 25 49 29 29 15 37 30 40 39 35 17 
14 10 7 11 2 0 11 11 4 11 12 0 0 4 9 1 0 10 9 9 6 11 8 13 3 2 5 8 13 11 3 12 7 4 4 4 8 9 2 8 14 11 12 3 11 10 0 6 14 4 3 14 5 10 14 3 10 9 0 3 9 11 12 4 11 12 2 9 12 1 3 4 12 7 3 7 12 1 8 9 8 11 12 2 14 13 10 13 2 8 2 6 14 5 1 2 11 10 1 7 
32 19 40 32 35 28 19 34 27 32 35 33 37 33 34 28 27 42 39 42 20 23 27 33 17 40 30 43 22 31 24 26 26 37 50 24 44 39 28 27 23 27 43 32 43 33 31 32 34 39 27 40 32 21 29 25 33 35 26 30 16 21 29 25 24 24 26 38 27 46 24 27 40 40 35 43 34 47 29 32 25 22 29 39 33 28 45 37 33 35 52 20 41 28 34 18 28 33 33 27 
10 14 8 12 11 6 12 10 9 14 8 13 14 1 14 13 0 5 5 14 13 11 5 13 4 6 8 2 6 1 12 11 12 8 10 6 5 7 3 7 5 3 7 9 11 3 4 14 3 11 8 3 4 5 4 9 13 10 13 6 11 3 3 7 13 7 2 1 3 3 13 13 0 3 9 5 12 12 10 5 4 1 1 12 2 1 1 14 12 9 10 4 0 4 10 13 5 12 0 8 
11 10 5 9 10 2 9 9 2 13 7 14 5 11 14 6 14 6 0 14 3 14 6 14 9 9 9 7 12 8 0 8 2 8 0 14 4 7 11 10 14 1 9 8 4 13 1 4 3 5 14 12 6 0 14 0 13 13 14 4 4 5 0 12 0 7 12 10 9 7 3 5 1 12 3 11 13 5 0 1 1 3 7 1 7 9 12 11 6 11 14 4 3 4 11 0 12 9 0 12 
7 9 11 4 12 8 3 14 10 0 6 8 4 4 12 14 1 7 1 9 1 6 0 12 3 12 10 14 5 3 10 8 2 6 13 13 9 14 8 3 14 1 1 0 13 6 10 7 7 11 12 14 13 7 7 0 5 8 9 10 13 0 8 5 7 10 7 9 8 6 1 8 5 11 14 14 7 13 12 3 6 6 13 13 10 10 11 12 1 1 1 4 8 11 12 3 8 13 1 9 
