20
5 5 4 1 7 3 2 3 3 5 9 1 6 2 0 10 0 13 4 8 9 9 4 7 3 9 8 1 10 0 11 5 11 11 0 14 6 11 2 3 0 0 6 13 13 3 9 12 2 4 14 10 7 1 10 2 4 11 8 1 2 7 11 4 13 4 4 0 3 9 7 9 14 6 14 14 13 3 14 1 7 0 7 13 10 5 0 3 13 8 12 3 5 10 5 12 10 3 7 2 
6 7 6 4 2 3 11 13 1 4 3 7 0 12 7 9 7 0 13 0 8 7 4 10 0 14 12 14 10 12 4 10 2 14 11 5 7 5 9 1 14 14 11 11 13 8 0 3 11 2 13 0 9 9 4 6 1 2 12 4 8 13 11 8 3 6 8 12 8 6 10 3 8 7 8 1 0 3 0 5 3 8 10 1 4 7 1 9 5 7 9 5 3 1 14 0 10 10 10 7 
11 9 8 10 11 7 2 4 3 0 9 0 8 9 12 4 0 11 1 12 11 10 3 9 9 7 7 2 13 7 14 11 4 3 14 14 0 14 2 6 1 6 8 5 6 11 12 10 8 3 6 9 0 3 5 9 8 6 8 4 13 9 12 6 7 5 5 4 14 4 4 11 1 9 6 4 12 8 0 6 10 1 3 0 11 9 8 6 7 13 9 1 1 3 7 6 8 2 5 9 
36 62 59 55 48 70 65 43 51 40 55 73 85 50 55 60 59 67 70 74 54 62 54 58 64 81 67 58 67 67 88 73 57 50 54 57 71 48 78 64 85 54 82 57 69 63 54 49 67 76 58 57 54 54 57 62 52 67 82 65 74 83 80 58 65 63 61 78 59 68 64 73 72 80 65 60 62 49 53 88 58 84 91 54 62 49 66 56 72 63 62 64 68 51 54 75 56 77 68 42 
8 4 8 8 4 10 3 3 0 8 0 0 12 9 0 6 4 11 3 9 3 4 1 12 1 10 1 13 7 9 13 12 5 1 9 3 1 9 9 12 10 8 3 4 13 4 1 6 14 0 6 0 5 10 9 8 13 6 6 1 8 5 1 0 6 0 14 1 6 9 8 2 14 11 3 12 7 13 1 5 4 2 7 2 6 10 7 3 1 5 8 3 11 9 2 11 11 7 5 8 
11 7 3 7 0 9 9 3 9 4 5 10 10 2 2 7 4 8 4 7 5 14 10 7 9 8 5 14 12 10 13 4 8 10 6 13 11 8 13 4 3 1 2 8 0 13 7 4 3 10 3 6 11 13 13 11 4 0 6 2 3 10 10 9 13 1 4 9 8 3 6 0 2 2 3 0 12 2 14 13 11 10 14 5 0 12 12 1 1 10 5 6 1 6 9 7 5 1 5 1 
8 11 13 4 10 9 1 11 3 10 1 14 5 11 13 8 13 2 14 0 3 0 9 3 9 8 12 8 4 5 4 9 5 8 3 6 9 1 5 9 9 7 7 4 11 4 5 3 1 7 9 10 2 6 5 4 5 10 10 11 6 11 10 8 11 6 0 7 8 0 12 8 13 1 13 3 3 13 9 14 3 0 10 5 1 14 8 4 10 11 13 4 2 0 7 10 1 10 1 6 
1 13 9 10 5 5 2 2 12 14 13 12 7 13 10 2 0 11 0 6 12 2 12 2 1 0 0 14 10 3 3 7 13 2 6 8 12 8 12 10 13 5 7 9 1 8 10 10 9 6 0 8 9 14 1 9 8 7 11 12 11 1 8 14 10 0 1 12 6 8 1 14 9 13 13 12 1 6 14 13 1 4 10 11 14 10 6 3 0 13 12 0 2 11 6 1 0 0 11 9 
56 46 49 68 45 86 49 47 41 31 70 89 60 61 73 54 60 76 73 81 61 64 86 68 60 60 45 60 61 50 62 45 66 89 64 67 58 51 61 63 75 84 58 57 53 64 77 70 97 51 76 48 44 56 56 64 67 61 67 75 86 77 59 44 63 49 80 57 83 73 61 47 72 53 40 40 60 64 70 79 69 68 79 78 70 72 49 84 77 81 57 61 68 90 50 65 48 36 43 67 
40 50 50 51 64 70 58 68 74 63 52 64 83 72 73 44 71 82 62 76 58 55 56 67 55 55 68 75 57 40 54 75 74 57 53 57 76 83 69 67 61 65 89 59 73 66 47 56 68 59 50 70 62 65 46 69 63 72 57 74 57 58 82 73 69 54 79 81 71 57 64 77 48 61 71 73 98 71 72 66 56 54 58 33 70 49 60 68 61 65 60 54 48 38 67 46 81 75 39 79 
3 1 1 7 6 7 4 10 7 13 5 8 8 3 2 0 0 5 4 1 5 14 11 8 13 1 6 10 10 10 4 5 4 0 7 8 8 12 2 14 8 7 3 8 12 5 1 3 10 7 5 10 14 11 4 12 13 11 5 14 11 11 5 14 0 7 1 0 11 11 6 3 2 8 8 14 1 3 1 7 11 4 5 7 8 7 9 11 13 2 14 13 11 5 0 1 13 5 12 14 
37 57 59 58 72 58 64 69 51 59 76 75 55 78 79 63 92 71 52 78 52 61 86 75 74 66 57 65 64 49 56 66 55 76 64 73 76 56 75 38 65 60 60 83 42 58 61 75 63 61 76 63 65 71 75 63 60 57 47 56 62 61 62 53 52 62 77 51 55 76 65 58 50 43 58 55 72 83 60 58 81 90 81 81 51 72 54 47 44 55 53 78 58 62 62 76 83 64 48 24 
25 65 68 50 50 27 72 78 57 39 62 59 83 58 87 98 67 84 72 72 61 68 27 61 51 60 57 56 72 72 52 62 55 73 64 71 65 75 61 57 66 61 50 69 57 45 62 52 84 56 55 75 79 79 68 72 68 62 68 72 75 65 87 80 53 41 64 73 80 52 73 69 61 75 59 75 78 80 66 78 83 48 53 60 76 44 57 68 55 46 51 62 61 55 42 68 62 65 56 45 
61 58 87 72 57 65 74 71 81 65 58 85 71 66 72 65 77 62 48 46 70 62 66 80 72 52 61 66 59 62 68 47 60 49 67 71 70 68 40 62 79 65 58 68 60 42 63 73 58 58 57 56 64 64 55 44 62 74 74 61 43 60 67 53 78 58 55 53 51 61 51 46 65 90 71 57 71 61 46 53 63 65 67 84 76 63 65 50 76 94 67 97 59 64 49 65 61 58 63 35 
23 28 71 75 71 39 57 72 51 64 61 78 60 58 70 76 59 51 60 53 63 59 50 59 60 58 70 60 77 63 70 62 69 62 66 68 48 82 82 63 61 55 51 42 70 80 49 73 77 70 59 75 75 67 72 80 79 90 84 63 55 59 72 66 64 69 54 82 49 68 58 54 80 81 51 83 66 65 61 61 61 63 42 56 49 51 81 47 69 46 68 66 85 79 61 51 60 64 48 56 
55 38 74 70 63 62 65 65 68 86 52 57 87 74 69 41 52 50 62 68 83 57 69 47 62 69 62 54 57 53 75 88 73 48 50 58 79 65 70 39 53 60 57 78 70 78 71 80 58 65 57 63 61 73 69 47 75 63 81 56 55 56 59 63 48 60 81 70 56 54 48 60 66 58 65 58 74 70 66 71 80 65 62 67 67 63 64 70 77 70 56 79 77 45 70 63 52 51 63 58 
40 60 58 63 51 64 66 75 86 74 49 39 75 61 83 52 65 63 45 65 72 64 68 87 66 68 53 67 65 56 55 86 59 52 51 72 54 66 76 64 55 52 50 70 67 86 78 58 55 66 64 74 47 74 72 90 76 72 69 54 52 61 57 57 81 70 65 50 48 49 72 60 82 80 52 62 48 46 57 66 56 46 69 75 71 62 68 68 53 64 57 56 59 68 79 60 61 78 48 59 
14 10 9 12 2 13 12 13 14 2 6 8 10 12 10 11 9 9 12 8 9 14 13 1 9 14 2 12 2 14 14 14 0 4 13 2 10 3 7 3 5 10 11 8 6 12 6 4 9 8 12 9 1 11 2 9 12 11 2 14 7 7 5 6 14 9 14 2 0 4 5 3 7 3 6 3 8 9 5 3 11 12 5 12 14 10 11 12 1 10 1 13 10 4 7 5 9 2 7 12 
0 0 11 2 1 4 0 14 11 13 7 11 7 8 4 1 3 11 1 2 14 8 3 5 10 9 12 3 12 0 8 12 13 14 4 11 13 10 4 12 11 6 3 2 5 6 3 1 0 8 6 11 6 8 11 4 10 7 12 12 2 9 8 14 5 11 5 2 3 6 6 2 5 14 14 14 6 7 2 6 12 10 1 3 7 14 0 12 11 5 3 13 11 6 11 7 0 4 4 2 
1 12 13 14 13 13 10 6 9 5 5 1 0 14 14 1 8 7 10 6 4 7 0 4 4 3 1 0 14 7 5 3 11 13 14 0 5 5 14 14 2 8 2 5 6 2 5 9 0 3 3 14 8 0 7 6 3 11 12 10 7 8 9 7 1 9 11 10 9 6 13 9 10 1 2 5 0 11 7 12 7 8 13 11 4 6 4 9 6 2 6 9 13 10 12 5 1 9 5 5 
