50
2 1 0 14 12 13 8 10 4 11 10 13 4 4 11 11 10 3 3 2 14 1 9 12 9 13 13 10 3 14 4 10 0 8 1 3 11 10 1 8 5 0 11 6 6 7 1 0 4 9 7 8 3 11 5 6 1 2 11 10 1 8 12 12 12 0 4 10 3 0 12 2 1 7 13 4 0 0 6 4 8 8 10 7 13 12 13 1 11 5 5 3 0 8 2 9 10 14 12 8 
11 8 9 12 12 11 3 9 5 14 12 11 2 13 9 14 14 2 5 11 9 4 2 8 6 4 0 11 6 13 1 2 1 2 5 10 8 3 14 12 4 14 7 2 1 7 10 7 7 6 11 2 9 4 10 8 7 3 9 12 1 1 4 5 13 5 6 5 4 14 14 7 11 9 12 3 2 10 5 1 14 8 6 5 12 14 12 2 13 10 7 9 0 14 0 11 4 10 4 0 
6 1 11 14 6 11 13 11 3 8 0 14 14 1 0 5 11 11 5 12 9 0 7 8 6 8 7 10 7 8 12 2 12 10 1 5 12 13 14 12 10 12 11 13 7 13 10 2 4 3 9 14 6 12 14 9 1 11 13 4 2 8 4 11 10 7 2 7 14 0 5 13 0 9 14 4 14 12 7 3 2 10 6 3 13 9 13 6 1 1 5 10 12 0 4 7 0 0 5 10 
16 23 51 63 72 85 62 66 74 58 42 65 59 84 52 54 58 74 85 73 57 71 60 63 76 75 57 63 49 73 73 75 77 67 62 91 54 67 58 56 59 64 60 73 93 80 58 69 63 60 74 70 58 53 88 78 60 90 71 48 60 74 74 57 41 62 85 54 39 71 73 59 56 53 44 61 54 92 68 83 50 57 84 68 60 43 59 83 71 56 57 62 59 46 58 62 58 33 42 35 
4 14 6 3 13 4 13 9 6 13 13 4 0 3 9 6 4 4 11 8 9 8 14 13 5 13 0 0 1 13 12 8 12 1 2 10 5 0 4 9 3 10 9 7 14 12 6 6 14 8 1 2 12 12 11 8 14 5 2 12 6 8 7 7 9 10 11 2 3 12 13 8 14 12 7 0 9 14 1 6 0 10 3 14 5 4 6 3 0 10 7 12 3 10 7 2 8 6 0 6 
45 32 74 71 69 79 58 68 54 62 43 61 67 52 43 36 55 87 93 69 67 63 74 71 37 54 53 69 61 58 62 60 47 50 63 67 59 51 47 64 58 64 69 75 68 81 82 69 86 59 48 63 62 92 62 83 68 41 76 62 77 72 67 66 99 60 66 59 66 73 69 67 60 57 80 83 77 44 50 57 66 59 61 53 46 53 65 52 100 62 55 70 73 74 54 74 62 79 41 33 
44 47 58 59 59 62 60 68 80 72 66 58 66 80 80 47 40 75 80 58 48 66 48 43 74 48 69 65 70 74 71 61 78 69 71 48 65 84 69 72 68 70 70 69 54 70 58 66 54 55 88 87 43 63 52 55 52 57 48 71 78 62 52 52 84 72 59 69 67 62 61 75 60 81 48 70 45 47 75 74 92 66 55 83 58 50 85 56 70 60 47 74 77 57 64 59 69 51 49 52 
47 59 74 69 69 71 77 67 74 98 80 60 45 38 67 75 64 80 59 59 74 53 70 65 66 72 67 62 67 82 58 54 73 43 60 53 49 75 59 87 70 59 44 63 81 60 77 65 62 84 63 60 56 70 72 64 58 87 42 79 57 54 83 72 71 75 61 56 71 63 47 55 60 58 55 59 56 71 40 78 54 55 58 53 65 72 46 58 84 58 51 52 51 58 96 50 41 45 56 46 
4 13 3 5 8 4 4 2 7 9 10 1 11 8 5 3 2 8 7 9 9 11 13 5 14 14 11 0 1 10 4 10 2 9 7 3 9 4 2 5 8 1 6 1 12 5 14 9 10 3 9 13 8 0 13 9 14 9 6 6 4 2 4 0 4 7 1 11 0 13 4 0 9 6 4 11 3 5 13 7 6 12 2 7 1 1 14 5 11 9 2 8 6 9 11 11 5 14 11 13 
9 0 11 11 3 6 14 13 5 10 11 8 1 9 7 11 0 14 10 4 13 5 8 6 7 8 0 2 12 10 4 5 13 11 2 9 6 5 0 12 4 14 1 9 2 8 4 8 0 14 5 0 11 3 12 3 5 14 3 12 13 3 3 7 5 12 1 9 1 5 1 0 0 3 2 10 4 2 14 13 5 6 2 1 3 12 5 3 9 3 3 3 14 7 2 12 6 9 7 9 
21 44 51 40 51 72 50 74 71 66 76 50 70 55 71 61 42 73 69 75 100 67 70 64 63 56 41 60 65 84 57 59 61 54 81 72 57 62 76 62 77 43 64 44 55 87 41 49 72 68 75 62 68 73 74 54 57 49 69 71 63 80 85 58 81 64 51 64 59 73 73 70 64 75 57 61 74 66 56 79 48 60 70 71 85 65 63 58 71 65 67 41 53 69 59 69 57 69 51 38 
9 2 9 14 2 14 3 13 12 12 12 4 3 11 6 8 2 6 9 11 2 10 7 6 8 4 11 7 3 5 6 8 6 7 3 12 5 4 8 0 8 14 0 3 2 3 1 6 9 2 12 8 13 0 0 7 5 2 6 1 4 5 6 10 12 9 4 2 14 6 7 3 7 2 2 11 13 11 2 7 7 6 10 9 4 12 0 11 0 2 0 3 8 9 5 0 2 8 6 7 
31 50 57 57 51 60 55 92 70 49 52 56 74 75 66 61 73 58 65 92 81 58 54 57 65 55 71 84 78 67 64 56 69 50 49 51 76 77 67 81 47 68 47 76 52 63 62 53 64 68 64 63 74 93 78 57 41 48 58 53 63 58 48 62 91 60 97 79 68 68 71 58 66 73 59 77 77 66 67 44 39 33 53 65 57 61 62 68 70 90 55 61 60 46 55 78 87 56 48 35 
0 1 12 6 3 1 3 8 3 11 0 13 11 1 0 8 14 1 8 4 3 10 13 6 6 14 14 12 6 0 13 12 10 2 7 9 8 6 7 2 12 7 3 0 1 4 0 13 4 1 8 7 8 9 10 12 9 7 8 0 1 1 0 5 0 7 13 14 3 14 11 1 1 5 12 5 2 9 2 4 0 11 2 12 14 14 12 4 12 4 2 7 7 13 9 6 6 8 0 7 
35 67 47 62 43 44 69 50 68 57 81 80 49 56 54 71 77 74 56 55 86 67 64 59 70 67 58 82 55 70 60 59 64 61 79 85 44 58 66 58 55 70 70 75 57 45 57 83 64 96 70 74 55 100 67 60 70 73 45 32 42 56 69 59 68 83 70 54 64 68 50 54 60 100 68 64 56 78 80 78 65 54 42 56 69 77 67 65 46 78 66 73 54 75 49 50 42 40 41 61 
50 66 58 47 46 61 52 63 68 78 52 62 40 71 60 84 57 64 64 56 62 49 46 61 76 70 44 78 79 46 66 79 73 67 48 67 80 73 71 73 63 66 68 51 70 62 54 74 74 66 55 44 69 55 62 71 52 54 75 60 66 73 81 70 75 63 55 57 56 50 71 82 64 71 61 45 64 69 77 63 67 65 60 52 68 55 53 65 87 71 65 74 64 44 75 73 47 57 58 48 
32 60 57 95 60 59 62 65 57 92 69 79 47 80 87 68 56 68 69 73 71 75 59 70 62 47 62 68 58 54 38 44 53 71 70 68 73 60 56 41 74 58 60 85 52 69 47 73 73 76 80 67 53 74 61 57 53 60 81 88 60 80 73 56 76 62 58 76 85 75 62 52 56 66 52 65 64 61 73 53 46 60 57 93 52 50 44 54 54 55 48 67 58 60 58 55 64 63 46 38 
31 58 48 69 58 58 68 75 84 76 63 88 74 67 56 82 64 77 71 75 85 76 59 76 41 53 45 55 51 52 56 62 57 63 63 61 54 47 69 62 56 77 85 69 56 52 56 56 73 56 50 48 69 61 75 56 61 55 76 57 49 71 40 54 51 62 49 54 78 48 61 71 69 76 52 66 87 76 62 93 74 77 76 82 55 50 62 79 52 76 55 65 67 53 79 45 62 53 51 71 
10 10 13 5 6 3 7 13 11 4 5 12 14 2 0 1 3 4 6 4 7 10 6 2 13 3 12 4 5 12 13 5 5 8 6 4 8 13 7 7 3 11 1 7 14 2 4 6 3 3 8 6 0 10 4 10 14 14 4 10 4 14 3 3 1 11 5 8 5 4 2 13 1 11 1 5 14 7 3 7 14 10 12 6 13 14 3 0 3 10 1 11 3 7 4 8 6 1 4 7 
43 61 72 70 69 82 79 75 63 68 64 49 59 62 64 55 80 55 62 81 70 67 60 91 54 67 58 72 73 94 52 60 45 62 82 62 67 67 45 53 56 55 52 59 63 58 69 49 49 66 66 79 56 61 59 47 63 83 81 66 44 57 35 55 42 76 51 61 98 55 64 58 64 58 42 49 88 81 84 54 80 74 54 45 64 53 81 65 84 57 61 80 65 60 64 59 68 52 45 50 
16 37 59 46 56 63 65 70 75 97 68 73 81 53 69 52 64 80 65 68 64 50 81 64 43 48 60 75 96 72 65 48 75 85 63 50 67 80 60 70 52 74 80 73 76 76 68 75 46 59 56 66 58 63 92 57 58 44 62 66 62 68 60 69 71 61 77 47 40 54 73 65 65 61 59 50 42 34 65 41 51 46 70 55 55 79 86 57 80 70 70 71 72 50 68 70 80 66 64 60 
51 52 76 96 53 62 44 39 58 72 58 52 76 77 71 94 45 91 75 56 78 68 98 72 79 53 62 63 61 64 64 70 70 56 87 69 54 87 58 71 56 58 75 57 70 57 78 53 59 47 56 53 65 64 72 68 63 60 65 63 52 60 51 75 49 60 72 62 55 77 75 77 54 44 47 67 76 80 48 45 59 76 38 67 58 54 45 59 61 47 54 55 74 57 51 55 65 63 48 75 
2 7 5 0 3 14 13 5 7 2 7 9 9 9 10 11 8 11 12 9 9 13 2 10 14 0 11 2 13 10 1 9 11 5 10 11 8 3 14 1 1 5 5 14 3 6 14 11 14 7 12 7 1 11 14 5 0 9 10 1 3 1 4 6 4 3 13 7 5 12 2 11 3 1 5 8 1 8 13 8 4 7 9 0 9 1 1 1 12 11 11 8 13 7 5 3 12 3 14 12 
63 61 80 68 77 88 71 58 59 57 70 55 45 62 63 73 53 83 66 59 48 56 79 55 54 67 94 64 83 83 60 56 62 65 84 79 71 71 59 38 52 50 94 62 65 61 63 90 63 45 58 51 68 45 58 62 53 80 51 53 71 74 58 59 59 63 63 51 84 76 52 56 65 53 62 60 73 63 59 66 49 60 63 66 57 57 45 45 65 82 68 66 64 65 46 82 60 60 45 60 
55 74 55 68 70 74 57 71 43 43 53 41 59 65 91 73 46 44 53 45 64 49 60 54 68 53 46 94 57 75 60 78 71 79 52 47 73 72 65 68 59 65 63 71 51 41 36 67 74 60 74 77 68 67 64 61 57 49 83 77 64 56 61 69 50 69 76 64 67 52 64 77 76 51 69 53 74 49 63 75 68 50 67 61 72 69 80 73 69 89 58 80 67 57 63 62 70 73 51 39 
8 9 3 0 6 0 10 4 8 4 14 8 6 8 11 8 7 1 1 6 1 6 1 7 7 7 0 11 10 8 10 2 12 10 5 10 1 6 13 7 10 10 8 7 8 11 5 10 10 14 11 3 1 6 3 7 9 5 6 2 4 13 7 1 5 13 13 7 7 9 9 8 4 9 4 12 14 5 12 1 12 10 13 12 2 14 9 11 2 4 9 5 13 9 7 6 0 9 10 9 
54 52 57 73 47 55 50 71 64 58 100 53 78 56 72 76 75 94 73 64 72 70 56 63 68 83 75 82 70 78 68 78 66 57 57 60 73 56 69 61 57 47 49 64 63 46 74 73 51 67 48 74 67 53 51 62 62 62 67 53 73 65 61 64 72 64 62 83 78 51 70 54 47 47 59 63 45 52 55 67 64 70 97 71 52 50 66 65 70 70 77 58 60 47 61 46 53 64 46 35 
44 73 67 68 47 41 60 69 49 65 57 70 67 54 77 67 60 67 75 64 83 88 83 62 77 55 72 67 54 42 67 44 52 52 62 51 77 76 56 62 63 56 69 47 64 60 58 85 66 71 64 67 87 54 81 87 79 69 60 52 66 66 73 76 44 57 78 67 60 78 63 64 56 64 58 74 57 62 59 72 63 65 72 81 52 63 59 75 48 42 40 53 55 75 87 65 50 61 35 41 
32 33 51 63 70 56 69 40 55 81 54 69 57 66 75 63 73 58 74 64 48 88 74 75 60 69 61 56 56 54 44 57 49 44 58 52 58 65 73 69 47 62 77 90 69 80 48 63 84 81 79 95 69 61 74 52 61 53 67 81 73 68 61 53 63 51 44 59 77 68 52 67 57 79 54 52 81 65 78 46 49 80 81 77 65 73 57 68 71 57 69 68 57 53 67 52 66 65 64 30 
34 46 85 66 56 67 70 70 63 28 52 56 76 59 74 69 60 67 65 62 59 55 55 71 80 61 60 47 71 67 53 55 62 78 51 62 68 56 55 57 78 58 69 81 84 71 66 81 56 62 56 58 71 66 60 64 54 66 55 60 57 52 74 59 74 64 58 69 72 86 51 53 55 68 70 66 69 93 80 85 71 60 63 51 56 57 78 81 64 78 90 54 73 50 58 64 68 45 38 37 
46 51 73 47 58 78 40 51 49 72 47 49 47 75 84 68 87 57 71 65 53 46 81 63 57 58 71 47 61 67 60 64 74 63 68 65 73 68 61 67 76 57 47 52 86 51 79 71 75 75 61 61 82 51 67 59 51 71 70 49 68 86 61 71 80 63 66 54 54 50 75 61 69 64 54 76 75 68 67 66 73 85 65 86 57 79 53 58 56 58 59 50 52 59 75 62 62 69 51 35 
45 57 72 76 58 72 51 71 71 64 69 46 79 68 75 69 67 56 77 62 59 55 44 58 78 82 57 59 80 75 70 64 68 58 95 47 47 47 72 48 64 53 69 58 74 66 56 52 46 66 64 70 63 56 78 63 69 64 78 65 69 57 77 72 56 86 74 53 54 73 58 55 55 59 71 65 44 73 56 51 41 54 55 75 56 77 96 71 58 70 77 65 60 62 47 74 59 59 56 47 
37 57 61 74 63 58 63 50 57 47 58 68 61 82 61 76 64 62 54 59 54 69 70 96 71 62 56 70 53 97 76 57 43 53 92 64 58 63 56 63 88 77 84 52 59 41 57 49 52 50 38 73 71 53 55 57 65 58 63 62 74 36 78 52 74 57 76 51 71 76 67 96 55 53 67 57 49 70 83 78 47 62 62 73 58 61 64 46 53 75 59 81 62 70 69 78 79 67 70 36 
50 56 70 70 40 57 48 72 76 71 63 63 68 56 46 72 82 73 74 48 59 74 92 50 50 57 73 83 67 58 60 59 61 66 58 57 56 63 51 48 83 69 60 80 61 68 88 63 48 64 81 81 71 46 45 36 52 58 47 46 68 55 57 78 61 96 62 58 63 76 60 89 66 55 83 76 70 54 48 58 57 73 57 61 67 74 77 63 61 60 95 52 69 70 71 63 55 60 56 42 
4 4 3 12 5 5 1 12 6 8 4 13 2 0 14 0 8 5 9 2 13 7 10 0 4 2 3 3 10 8 0 3 7 13 9 6 14 3 10 3 0 8 5 1 5 10 3 14 6 8 5 5 5 9 9 2 5 6 4 11 2 3 11 3 3 1 4 0 6 4 9 6 0 4 9 0 0 4 1 10 14 7 10 2 4 3 7 10 11 8 12 9 9 14 1 3 6 14 8 11 
47 52 67 86 54 42 74 76 81 71 66 49 48 78 56 58 56 74 44 47 75 56 62 61 62 78 59 52 54 41 54 54 55 60 83 95 78 62 60 70 65 58 83 68 67 54 71 56 63 49 53 81 78 76 65 66 62 81 65 69 68 71 66 62 60 63 50 62 96 47 62 52 63 87 73 65 79 56 47 64 68 74 57 53 71 64 57 64 68 53 38 60 45 70 64 61 61 58 52 49 
17 45 57 65 61 47 58 58 47 71 59 62 61 58 61 57 72 74 57 63 81 87 95 66 58 70 55 82 61 90 69 81 83 68 65 53 84 70 69 82 47 58 87 56 72 66 75 53 49 62 55 69 74 64 67 43 77 69 71 75 52 54 71 61 79 56 46 69 45 58 56 53 47 58 71 65 56 43 48 52 81 53 53 84 51 64 64 62 54 50 78 73 61 76 84 60 77 59 48 52 
29 53 65 60 62 48 55 76 69 51 74 65 64 56 60 49 64 45 63 55 68 66 55 59 52 67 56 54 39 56 71 77 52 77 57 82 57 58 83 62 100 97 71 65 70 68 61 56 52 48 65 59 55 53 60 75 57 85 54 65 63 70 83 59 51 60 47 57 71 67 76 74 82 64 78 68 58 62 73 74 74 50 54 65 71 75 70 71 74 62 58 73 66 66 58 69 51 67 57 40 
37 48 57 56 52 60 68 88 81 64 60 67 73 62 60 73 63 46 67 71 61 51 55 42 55 55 53 61 62 54 59 53 71 93 83 47 75 87 66 74 39 78 69 72 72 60 67 51 68 61 53 54 58 73 54 57 66 75 77 64 57 52 87 83 62 72 63 80 56 56 55 77 72 80 63 54 54 65 41 68 68 71 74 81 50 54 51 52 75 79 75 60 70 67 35 52 70 66 37 73 
14 13 10 4 10 5 1 4 11 3 1 0 5 5 7 3 7 6 7 10 9 12 6 8 14 4 9 4 6 0 0 3 14 4 5 2 10 0 9 4 12 2 7 12 4 11 10 10 13 0 14 12 12 8 6 1 12 12 6 4 0 7 1 8 8 4 7 0 4 10 14 11 0 12 5 5 6 0 1 2 14 4 12 13 7 11 2 4 8 7 5 9 12 0 0 3 14 5 0 9 
42 84 68 54 82 64 48 73 54 53 86 71 65 60 48 68 66 49 62 53 69 61 64 73 48 73 66 74 55 63 59 41 48 74 73 74 71 47 77 51 41 32 80 70 61 86 86 61 65 77 63 69 45 47 63 51 76 50 48 81 64 67 90 69 70 82 72 53 61 63 63 84 54 55 56 55 60 72 62 49 60 45 79 62 67 38 65 48 53 85 65 84 67 82 62 77 50 76 65 43 
7 7 11 1 1 10 7 1 1 11 0 0 10 2 5 1 1 14 4 0 2 6 2 3 5 10 14 8 6 13 10 6 4 11 14 1 6 9 12 9 10 6 3 7 5 4 10 6 3 8 8 14 9 1 4 9 3 0 1 10 3 12 6 7 11 9 9 7 5 2 6 1 0 1 1 2 4 6 2 6 10 4 0 7 10 0 13 3 6 6 1 4 2 4 2 1 14 8 1 11 
5 2 13 14 9 9 5 0 4 5 12 0 1 14 4 13 0 6 7 6 1 5 0 5 13 3 9 7 6 1 12 7 4 6 14 3 5 8 1 14 9 7 0 14 1 0 8 10 6 8 4 7 1 3 9 9 11 10 9 0 5 11 9 5 0 3 12 0 11 6 7 14 0 4 1 3 10 11 4 1 14 5 14 10 8 13 13 0 10 1 2 10 12 0 8 6 1 11 5 3 
9 3 1 14 8 4 0 8 12 9 10 8 10 9 7 8 11 9 7 1 4 4 6 14 0 3 2 3 0 6 6 3 8 6 5 7 11 4 14 12 13 8 8 7 13 10 13 14 12 7 10 6 13 13 13 9 10 0 1 2 14 2 13 5 14 4 4 3 11 4 12 0 9 8 7 1 7 2 4 0 10 1 5 1 3 14 4 12 14 0 3 2 7 0 9 8 6 13 2 8 
49 52 73 75 52 49 49 50 60 62 70 40 73 50 74 63 55 67 49 74 70 59 71 59 58 65 78 46 55 50 61 52 60 55 68 68 70 60 71 80 84 78 73 81 93 61 45 66 76 51 55 73 81 74 47 49 52 85 89 62 63 59 79 65 67 82 65 54 67 51 47 65 57 74 67 86 66 60 48 72 68 51 78 70 72 65 49 36 51 78 80 68 67 53 46 97 62 52 39 35 
1 5 0 1 11 13 1 2 11 7 11 10 10 7 10 13 3 14 13 1 0 0 13 1 8 5 14 8 4 9 1 1 9 12 7 3 2 2 1 0 11 0 14 5 10 2 12 13 11 11 7 12 14 9 7 13 11 11 5 2 0 2 11 3 1 8 6 5 5 9 8 7 11 10 6 13 14 0 1 13 3 3 11 12 5 10 14 5 7 8 3 14 11 2 8 1 6 12 9 7 
13 1 2 6 10 0 3 12 9 5 6 1 7 0 5 3 14 10 4 8 1 4 11 5 8 0 5 14 13 7 2 7 6 2 0 4 12 2 5 4 3 9 3 8 1 11 13 8 13 10 4 3 2 7 2 8 3 1 7 12 2 5 0 7 7 0 8 6 11 10 2 1 2 6 4 14 3 10 14 12 2 1 14 11 0 11 10 9 11 11 12 12 9 9 14 9 6 7 6 10 
10 5 9 9 11 13 0 13 5 14 6 0 3 11 9 6 4 8 6 10 0 14 4 13 0 10 4 10 12 13 4 13 5 14 0 10 5 3 14 8 14 12 6 6 3 8 13 10 14 6 12 0 9 13 6 6 11 11 4 2 2 11 7 12 12 2 1 10 3 14 1 5 1 1 14 0 6 12 5 10 0 0 9 3 1 3 0 10 13 1 9 8 13 3 8 13 10 1 5 12 
9 11 10 6 0 1 12 8 2 14 9 1 13 14 12 4 1 14 5 10 5 12 1 7 13 8 1 12 8 4 13 9 7 2 7 5 8 4 10 7 8 8 6 4 8 12 7 11 0 8 14 12 7 0 10 14 6 10 2 11 5 11 11 11 7 2 6 5 9 1 4 1 11 14 3 12 8 0 5 13 3 1 0 13 10 11 11 4 0 7 0 0 6 2 0 4 12 4 13 11 
35 60 46 59 53 69 62 75 62 67 58 63 49 57 56 73 73 73 59 48 51 55 55 55 52 47 55 72 65 94 71 61 62 72 58 96 56 58 70 75 80 52 81 64 55 58 47 57 47 72 58 70 51 94 58 46 55 63 59 46 70 55 47 54 74 57 88 92 81 61 58 100 81 63 59 96 70 59 77 76 71 73 60 54 50 45 45 76 76 54 66 75 65 59 66 56 63 61 61 43 
