80
40 52 71 85 62 42 57 61 81 52 61 53 72 66 54 55 37 70 80 60 51 47 56 59 76 95 69 61 63 57 61 74 64 53 57 87 64 59 52 64 67 94 71 62 63 53 100 63 58 55 64 66 57 67 82 55 69 70 69 79 74 90 89 57 59 57 50 58 77 68 50 60 59 63 68 65 78 74 75 65 56 66 73 61 59 59 69 41 48 71 65 65 54 72 50 50 63 50 37 63 
31 74 65 81 65 81 43 66 70 94 54 60 53 53 47 45 69 62 45 51 62 75 66 69 58 77 83 77 58 72 67 62 64 64 76 63 64 65 59 50 45 78 68 73 62 49 69 66 72 65 72 59 72 57 64 55 79 67 100 63 75 59 65 65 47 57 67 58 72 86 46 57 51 48 75 34 62 64 58 63 69 48 59 74 63 50 76 65 93 55 83 73 53 72 77 50 46 38 61 50 
52 44 55 63 59 70 67 57 62 75 57 81 81 75 75 64 62 64 45 49 38 45 78 70 65 77 54 61 64 81 61 81 61 62 55 73 66 64 43 64 62 59 69 58 60 49 35 47 60 63 58 63 56 69 65 53 59 50 95 82 74 45 50 49 65 55 47 62 65 65 81 88 68 66 75 100 67 56 79 73 74 67 67 70 64 57 66 74 65 69 49 65 66 63 64 68 74 71 69 35 
59 60 75 57 52 64 56 70 52 73 65 69 83 60 69 55 55 51 86 59 82 79 77 61 64 58 59 52 46 53 70 39 52 50 68 74 56 79 81 81 76 61 65 52 52 51 63 58 62 43 57 52 80 58 69 63 51 61 51 52 51 49 87 57 73 58 69 57 60 62 73 60 55 39 51 76 76 66 78 64 64 69 56 68 59 76 68 82 62 71 70 58 74 100 62 74 58 67 46 51 
5 7 0 1 10 6 13 12 7 0 1 14 6 3 0 1 4 3 1 10 9 7 2 7 6 12 3 6 14 8 5 6 9 8 0 14 10 6 3 4 0 2 2 4 5 1 11 8 6 7 1 5 1 3 11 7 8 1 13 3 1 2 5 11 3 11 14 9 12 3 0 2 2 6 10 14 13 12 1 12 4 9 6 8 2 12 8 7 6 10 13 0 14 13 12 12 12 13 6 0 
8 9 0 1 4 7 9 12 8 14 7 3 0 1 11 14 13 8 5 13 11 5 14 14 7 1 12 0 5 8 4 0 14 4 7 6 6 5 12 0 14 12 10 10 10 2 0 14 3 12 3 3 4 11 10 13 4 4 11 6 13 13 6 0 7 10 13 8 4 1 2 4 14 9 6 13 0 7 3 9 4 9 12 13 1 5 3 6 6 8 5 12 4 4 2 11 14 4 12 1 
44 48 60 66 42 55 79 57 66 60 56 65 76 56 66 86 57 60 61 67 59 82 54 68 63 60 53 39 52 95 64 67 58 62 64 57 66 54 48 68 65 69 58 71 61 71 65 63 72 67 69 73 88 70 85 66 41 56 71 60 64 63 73 63 43 39 57 69 59 78 69 67 63 84 74 66 49 55 54 89 63 69 63 60 64 67 60 53 56 69 70 58 68 56 60 68 78 72 46 52 
33 48 59 79 76 59 54 45 50 70 43 53 68 73 73 62 66 62 63 42 48 55 69 61 59 49 54 62 65 74 46 54 73 59 63 61 88 53 49 68 48 79 84 74 78 63 61 76 90 81 45 79 64 78 56 53 68 56 70 47 49 77 90 68 70 72 59 59 51 49 71 73 46 59 63 67 67 64 70 73 75 78 79 62 46 75 65 49 65 80 84 64 44 63 57 58 70 81 68 41 
48 100 73 71 49 58 57 65 51 43 69 62 83 72 63 58 56 52 69 48 55 52 58 75 84 69 79 64 82 68 68 68 77 54 91 56 55 70 66 69 62 72 64 59 59 74 61 65 56 77 62 73 66 63 74 59 57 61 70 71 56 52 67 84 69 81 66 59 81 61 53 53 53 60 58 45 46 39 61 68 62 47 63 64 69 61 54 60 70 60 51 65 58 69 62 79 64 72 49 38 
4 2 12 13 12 2 2 13 13 5 8 3 7 0 4 3 6 0 12 10 11 7 14 0 14 9 3 0 8 13 9 5 7 14 9 2 10 4 5 5 12 11 12 0 5 9 4 11 14 10 9 14 11 13 13 11 8 7 12 9 7 5 2 13 6 11 7 4 4 6 5 11 14 3 6 10 6 0 7 1 2 8 13 3 10 11 1 11 0 6 1 6 8 0 9 13 13 5 6 13 
40 38 58 58 72 47 46 79 58 41 63 78 77 47 52 75 61 66 70 69 66 61 73 75 57 74 54 66 50 49 79 76 62 46 77 42 62 44 55 66 49 74 66 66 57 64 67 71 76 72 51 71 60 53 72 84 69 71 67 53 70 57 68 56 69 79 62 56 67 65 45 71 54 50 61 53 78 54 83 62 60 61 59 76 79 72 81 78 87 87 73 42 79 76 61 61 43 49 50 46 
57 44 72 45 76 58 49 59 42 51 55 73 43 74 100 66 100 59 51 70 59 53 83 51 46 67 62 60 59 63 71 70 81 92 72 59 83 58 53 70 63 71 85 70 60 76 71 66 51 92 48 51 64 48 79 57 54 61 60 61 56 63 61 49 82 62 80 63 65 62 73 44 52 65 60 59 75 71 43 64 52 66 73 68 57 64 43 60 65 49 62 70 67 52 55 59 72 66 67 67 
44 57 61 70 57 63 59 76 77 72 65 64 73 60 77 67 66 70 77 65 55 71 65 60 41 53 64 65 63 62 65 83 68 72 57 64 54 55 45 48 49 60 75 40 45 56 78 62 49 83 48 77 58 64 58 63 61 62 66 68 70 64 55 63 63 92 70 79 72 54 41 56 68 44 67 58 56 61 54 62 60 60 82 88 100 84 79 71 58 72 54 76 43 85 57 81 56 67 41 23 
2 14 2 14 10 14 10 10 7 1 1 4 10 9 1 12 9 1 1 12 9 4 5 10 8 10 2 12 2 4 8 12 1 2 10 13 9 4 8 13 13 12 10 4 10 0 7 0 11 13 3 12 13 5 13 13 3 10 2 9 13 12 5 12 4 4 4 10 6 4 13 0 1 10 14 13 0 0 6 7 1 2 4 5 14 13 1 13 1 7 4 1 2 14 13 6 12 5 2 1 
38 56 67 72 91 68 50 87 55 63 67 77 82 71 59 75 75 66 70 76 56 57 54 56 60 59 71 63 91 74 53 68 47 81 65 73 83 58 68 55 62 56 50 72 96 54 54 69 93 78 66 64 43 52 45 62 59 72 58 59 55 61 96 63 66 75 57 79 52 66 57 52 63 43 42 77 58 51 71 69 52 76 66 68 54 60 49 69 82 65 56 52 67 77 59 55 57 44 47 39 
1 14 14 10 7 7 14 8 8 8 12 6 2 3 14 12 6 3 2 2 0 2 10 3 0 13 1 1 2 10 7 14 2 0 10 14 0 2 13 0 6 13 10 12 8 4 4 3 13 11 1 0 2 3 1 4 6 2 12 10 4 1 3 13 8 0 13 7 8 10 9 8 9 1 5 7 5 12 0 10 1 5 0 1 13 3 0 3 0 9 11 12 2 14 6 10 9 0 12 8 
1 1 10 4 14 7 11 13 5 5 13 13 8 10 14 2 0 3 4 3 5 2 5 10 8 13 7 2 11 5 13 5 2 4 5 3 1 5 1 12 8 3 0 8 6 7 1 1 10 0 7 13 1 4 0 10 3 3 7 7 10 6 7 2 0 1 3 6 4 0 6 1 10 12 4 7 3 13 0 2 7 4 13 3 13 10 6 9 12 10 12 12 13 11 9 14 1 12 11 4 
12 0 14 13 6 13 13 14 5 7 2 4 5 5 1 10 10 1 13 2 4 2 3 12 10 0 9 7 7 1 4 1 12 5 5 1 2 13 7 9 3 5 0 12 14 12 13 2 12 0 8 3 13 14 9 6 11 12 3 0 4 2 8 10 2 6 7 3 0 1 4 8 14 13 8 0 8 5 10 7 13 13 2 14 11 1 10 13 4 14 10 4 5 7 2 11 4 9 5 3 
26 47 50 74 67 74 43 58 76 44 54 53 68 53 63 63 68 81 55 71 68 78 48 45 71 62 53 76 65 59 60 60 40 66 73 76 68 63 64 55 57 64 85 64 45 68 69 72 83 81 69 78 68 67 64 57 74 72 55 61 58 71 72 51 50 65 75 60 64 55 55 64 60 79 69 62 47 72 51 43 61 68 67 66 69 42 61 61 52 79 81 72 86 82 57 85 66 62 45 30 
7 9 1 3 4 3 5 4 0 9 12 3 1 0 8 9 8 5 3 7 7 14 0 11 12 3 10 2 3 11 3 0 11 14 10 2 14 5 0 2 4 6 8 1 12 4 6 4 11 4 2 12 11 2 6 8 2 8 7 11 1 5 2 6 7 13 12 6 13 11 14 0 5 11 5 13 1 14 13 0 2 9 4 5 13 14 2 5 8 2 9 6 5 11 3 9 1 11 4 14 
47 53 63 72 69 71 63 86 85 76 61 52 76 54 59 71 50 65 64 50 71 64 73 63 61 57 72 56 81 89 69 58 40 60 49 90 64 68 60 71 69 46 62 66 90 64 54 64 74 69 43 71 60 56 62 65 68 69 61 59 51 84 74 61 47 58 66 64 63 53 72 44 77 65 45 56 55 76 73 77 57 55 72 74 76 62 65 47 65 66 59 60 34 74 71 60 72 45 50 38 
8 0 4 1 10 2 14 3 3 12 8 5 3 13 10 1 7 3 9 6 14 10 10 11 12 13 9 5 11 6 3 1 9 12 9 3 9 11 1 12 11 13 7 2 11 11 13 6 4 10 13 6 8 10 7 13 3 11 12 3 2 0 7 1 3 14 10 3 8 12 2 14 4 4 0 14 8 5 3 13 14 4 3 6 14 1 6 14 7 7 7 0 9 5 12 0 3 10 13 12 
38 59 50 52 62 76 64 63 75 86 48 57 75 74 81 74 63 62 65 70 65 77 55 71 55 67 65 61 58 61 77 67 48 70 54 79 67 86 80 76 81 69 81 67 82 78 59 59 74 48 81 40 65 79 61 68 85 63 72 71 63 55 46 43 47 57 44 57 55 56 39 65 54 53 58 48 67 54 49 76 56 77 80 61 50 56 58 64 65 66 43 45 51 57 67 68 75 61 62 47 
4 10 0 6 5 9 9 14 6 4 12 5 13 14 5 1 2 2 7 14 11 5 11 6 10 13 3 7 10 12 10 2 0 9 7 8 7 0 12 7 3 3 11 14 12 7 3 8 6 4 9 4 3 14 10 5 8 13 1 0 13 13 0 6 11 8 14 3 9 11 5 0 14 2 12 7 11 0 12 5 0 2 8 7 12 12 7 0 3 5 10 13 11 12 0 11 1 4 9 5 
76 64 61 59 62 64 74 64 74 60 69 70 68 75 75 61 50 58 71 54 52 68 76 54 66 58 56 90 64 54 41 62 75 48 60 63 61 73 62 86 59 63 65 74 74 80 53 72 43 50 66 57 57 74 77 52 54 49 61 80 64 56 86 58 52 68 92 57 90 47 67 51 51 60 54 78 62 57 57 77 76 60 46 62 58 83 74 55 55 76 53 73 64 51 61 54 51 57 61 42 
32 56 46 64 68 50 60 75 72 53 41 72 67 67 81 60 72 66 83 67 70 35 77 75 58 63 69 73 81 69 75 78 61 65 53 80 75 60 60 65 55 51 59 57 54 59 58 70 82 69 65 55 72 65 65 76 50 73 49 54 62 59 70 55 67 52 59 45 58 66 64 68 64 74 69 66 54 51 40 64 63 69 64 56 52 52 72 78 80 70 79 59 55 64 70 61 83 69 53 48 
6 5 12 8 14 1 0 7 13 14 5 3 6 3 12 11 7 6 11 10 6 7 0 14 6 7 13 13 2 3 13 12 3 8 9 5 9 1 1 4 2 14 11 9 0 4 13 13 9 12 1 11 2 10 14 7 9 2 1 10 2 10 0 2 2 5 2 13 8 9 4 13 12 9 1 9 7 4 11 1 11 1 4 3 6 11 13 7 7 12 13 13 4 4 0 0 13 2 1 8 
2 6 9 2 8 6 2 4 1 7 5 7 11 1 11 6 0 1 8 6 14 9 9 11 13 14 4 11 13 5 8 6 10 3 13 12 11 0 14 10 11 0 10 10 11 11 12 9 10 3 0 11 4 7 0 9 9 14 14 14 11 12 8 9 6 12 12 4 12 7 4 10 2 4 5 7 4 5 5 0 5 1 13 1 5 9 8 0 5 2 9 6 2 3 9 5 4 4 14 13 
1 2 3 4 0 4 4 8 3 11 4 11 4 14 1 5 6 14 13 3 3 0 3 0 1 5 2 8 8 1 13 12 8 8 8 0 2 5 7 14 11 10 9 7 12 2 12 1 6 3 13 7 12 8 11 7 0 13 13 13 14 2 14 9 13 6 1 10 14 11 10 2 0 7 5 0 1 1 13 12 4 2 1 8 6 9 10 5 4 4 11 9 8 7 3 6 10 12 13 13 
44 52 62 82 76 53 68 75 57 68 70 87 65 64 74 89 69 70 100 63 58 54 50 47 74 65 65 70 86 49 54 66 72 65 63 54 91 84 81 57 58 75 74 54 59 56 48 48 63 62 55 50 54 63 43 67 56 65 65 78 89 59 70 65 71 52 48 59 54 82 70 63 49 47 62 51 61 75 64 54 79 63 62 78 42 48 84 55 52 53 74 60 64 66 49 48 67 54 57 42 
1 0 4 6 7 9 4 8 4 8 12 1 12 14 7 6 3 14 10 9 3 4 8 2 4 10 0 3 14 0 11 1 14 7 3 11 9 11 13 12 13 7 10 1 7 3 12 1 13 7 4 6 4 4 13 13 9 13 11 12 3 9 5 14 3 12 9 9 9 2 4 14 6 7 4 14 3 3 8 14 8 4 6 0 8 7 3 4 12 12 12 7 1 7 2 5 5 3 7 11 
0 12 9 14 2 2 2 14 2 9 3 6 8 5 0 12 0 2 10 13 0 8 7 0 11 12 11 8 3 1 7 7 11 10 0 13 5 14 13 11 2 1 14 1 7 14 1 2 7 2 14 2 2 3 3 5 11 3 1 13 2 14 14 5 11 5 1 3 7 9 2 11 14 8 13 11 5 7 8 10 1 9 10 6 11 7 2 14 8 2 14 8 13 10 4 9 7 1 8 14 
11 7 14 5 3 7 1 9 7 3 3 2 2 6 13 0 4 6 9 3 8 8 3 4 9 3 7 0 3 2 11 6 4 12 10 8 11 11 5 10 10 1 13 1 0 7 7 6 3 1 11 2 4 5 8 0 9 7 6 0 7 8 3 4 9 2 14 4 5 14 12 8 7 0 10 3 13 8 14 11 10 0 9 7 4 12 13 7 11 7 13 10 9 9 12 1 7 13 0 4 
56 72 94 84 64 73 45 62 61 78 73 88 86 91 71 62 53 63 54 50 72 73 78 53 72 66 72 65 43 63 55 61 82 83 64 68 54 53 59 63 56 76 76 63 65 73 67 46 46 56 51 52 57 55 44 85 49 60 43 55 62 41 61 47 39 72 76 71 61 49 65 54 80 64 71 80 63 62 54 62 64 62 74 44 85 84 78 51 57 59 70 71 63 72 38 55 66 58 59 40 
35 48 60 80 60 62 55 87 78 77 58 81 58 65 34 63 50 72 73 60 74 64 64 62 63 56 60 86 72 54 67 70 54 57 72 64 52 61 62 60 52 75 64 49 63 57 55 61 61 44 65 81 63 66 61 90 58 63 60 55 73 61 57 76 68 74 40 54 70 61 40 92 66 87 78 73 54 75 57 43 46 53 58 71 61 75 76 70 44 76 64 81 56 59 76 59 53 73 58 40 
10 2 1 4 12 14 1 2 0 2 9 2 6 1 8 9 0 14 9 0 2 13 6 0 14 4 2 13 2 13 14 11 14 2 4 10 6 0 2 9 12 7 7 3 12 2 14 14 5 14 12 11 6 12 5 4 14 0 10 14 9 8 11 14 14 8 11 2 3 5 0 5 3 12 3 14 10 9 10 3 0 8 3 5 12 9 13 6 6 0 8 12 1 8 1 9 6 3 6 2 
13 13 10 14 12 11 14 2 1 14 10 5 14 3 11 1 0 2 11 8 1 7 0 10 11 5 1 13 2 14 8 10 1 1 8 5 2 2 11 2 9 3 4 4 6 6 11 6 12 5 10 13 13 0 13 10 9 2 3 6 7 0 13 1 12 7 4 4 9 4 7 12 9 5 2 5 13 11 2 14 13 6 9 2 10 8 3 13 2 14 8 12 12 7 11 1 4 8 0 1 
42 62 65 59 46 69 50 49 85 65 72 50 59 67 74 53 82 54 73 77 76 71 62 50 72 59 48 67 55 64 58 66 58 79 68 64 71 75 61 62 57 83 63 59 61 71 68 56 71 67 55 52 59 41 53 77 74 70 70 72 75 62 59 85 81 60 63 63 64 55 69 55 63 73 71 50 60 70 66 59 50 78 93 61 50 71 66 56 57 52 37 64 73 65 82 58 55 64 46 31 
50 51 70 63 72 56 48 64 57 53 40 56 85 70 75 64 77 63 63 68 87 71 65 77 53 66 67 44 62 53 41 53 89 52 82 76 60 68 88 58 49 65 58 73 53 61 60 55 70 61 62 60 72 62 76 77 47 72 55 59 66 66 74 73 63 58 56 64 90 62 67 55 54 57 75 70 54 50 46 47 56 69 69 55 61 65 79 57 44 68 52 74 59 68 75 69 75 59 62 38 
35 50 75 61 92 71 56 60 62 56 55 53 56 55 66 49 67 61 81 60 71 51 47 71 75 73 74 80 68 57 51 57 67 46 45 44 48 50 57 47 72 58 53 61 77 59 64 73 46 74 66 53 65 59 67 62 48 75 66 65 56 72 88 80 81 87 74 68 65 65 63 84 93 86 67 69 73 73 66 43 40 83 65 58 51 38 65 58 63 72 50 72 75 66 63 55 58 61 62 63 
3 4 14 3 3 2 11 14 5 4 6 1 3 7 7 7 3 9 7 12 3 13 8 11 7 14 8 6 6 0 7 11 9 7 6 8 8 12 8 2 9 7 9 11 0 0 0 13 12 2 9 2 0 11 2 10 3 7 14 1 3 3 1 1 8 0 7 0 9 0 6 1 5 1 12 7 4 2 12 9 2 1 13 11 12 11 4 8 12 4 0 13 2 8 6 0 12 0 14 1 
48 58 50 69 89 71 50 58 50 45 62 83 67 70 57 68 81 49 70 64 61 53 74 71 58 57 64 69 99 87 59 62 88 77 58 81 60 54 74 66 60 62 57 58 50 64 68 55 51 64 61 58 66 62 81 64 86 55 49 56 60 50 83 74 57 62 53 89 63 70 60 46 71 66 58 34 44 47 70 82 43 48 47 77 67 63 81 74 47 72 75 84 68 66 64 53 57 86 68 31 
27 37 57 49 53 52 47 52 64 69 70 50 84 55 92 72 51 56 59 52 47 74 71 61 63 83 68 53 57 62 47 55 69 52 74 49 45 47 42 42 52 57 56 70 56 68 63 76 52 60 57 85 51 67 54 67 73 76 60 70 75 66 66 64 76 71 82 72 69 68 66 88 79 89 65 47 59 81 49 60 76 69 80 72 64 90 64 87 65 67 77 75 72 73 55 73 51 80 41 47 
5 9 8 6 9 6 9 9 12 11 7 13 10 9 13 11 7 1 2 1 0 3 11 1 2 3 4 6 2 4 10 5 12 6 8 4 3 2 14 5 4 1 5 0 9 14 1 12 12 6 13 11 12 13 14 1 11 7 0 1 7 1 0 6 8 10 9 13 0 7 1 1 13 7 4 8 13 13 8 8 13 9 14 9 4 14 13 6 2 5 4 0 6 12 6 5 11 12 4 1 
64 57 52 86 71 69 43 58 74 75 65 75 65 41 72 47 70 58 77 74 40 53 73 72 50 49 68 47 55 59 64 74 62 71 54 67 66 57 60 66 74 72 68 54 78 79 84 49 57 66 71 55 40 49 57 61 63 56 58 64 68 71 87 84 61 62 38 65 79 77 55 56 52 71 79 70 70 65 73 56 72 66 69 53 61 53 74 64 64 66 65 60 81 73 63 35 54 57 67 56 
14 0 6 13 4 1 5 3 2 1 5 8 6 12 4 4 6 9 7 6 5 2 14 14 9 5 7 11 5 6 4 7 6 0 8 0 8 13 1 0 10 7 2 9 0 6 10 13 6 3 14 2 13 0 14 11 1 4 1 0 4 9 5 5 6 6 8 10 13 0 13 13 13 1 4 2 10 6 6 8 7 11 3 14 8 6 9 6 11 10 6 9 6 14 5 7 9 11 9 13 
51 38 59 66 83 79 45 70 80 77 80 49 52 45 60 51 47 55 55 82 77 45 56 60 54 45 70 71 68 75 65 63 62 69 62 58 58 64 72 68 56 64 55 69 80 62 46 62 39 57 55 89 66 79 66 54 65 60 55 52 72 56 60 58 47 64 55 62 64 64 71 51 71 50 48 72 65 55 57 65 69 99 84 61 71 76 64 71 79 52 50 72 84 80 76 69 80 60 67 53 
13 0 12 1 4 11 13 8 6 11 2 6 6 2 2 2 5 13 9 2 6 3 5 8 8 10 13 1 14 2 8 3 11 12 9 8 6 8 13 6 14 0 2 3 1 4 6 10 7 4 5 2 8 0 9 2 11 14 2 10 3 11 11 2 12 7 5 1 14 10 12 12 11 10 1 6 0 0 4 3 13 13 8 4 14 2 5 2 4 9 1 1 0 3 5 9 11 3 5 1 
12 9 14 11 10 1 8 1 2 1 10 11 13 2 12 6 7 3 13 5 6 12 5 8 8 11 4 6 4 12 5 3 4 14 11 2 10 3 14 12 1 4 1 8 13 10 11 12 5 13 1 9 12 12 3 11 3 9 4 13 9 10 9 5 6 9 10 10 3 8 0 11 0 14 3 0 8 7 12 8 7 0 3 11 14 10 11 5 1 6 10 2 0 10 0 8 6 14 13 3 
41 32 57 54 68 64 63 61 77 68 60 61 64 67 52 60 44 51 61 52 57 53 74 81 60 100 84 80 54 58 81 56 52 41 75 72 73 66 59 68 60 59 56 51 58 62 57 63 75 42 83 67 79 69 76 57 76 71 73 68 73 65 78 45 44 66 65 66 54 64 64 90 61 85 65 64 75 47 62 78 67 67 51 65 52 59 57 50 59 68 57 64 71 57 78 68 73 58 67 52 
31 26 62 65 85 45 52 45 67 78 84 53 36 58 71 51 67 73 78 70 65 81 66 84 65 77 45 49 52 88 64 79 59 67 80 71 75 80 56 66 36 71 66 75 64 51 62 66 62 46 49 56 44 61 78 74 88 77 52 76 71 58 52 80 75 51 68 73 67 62 61 62 56 51 69 66 68 56 80 64 71 52 46 62 63 61 63 44 46 53 63 75 76 73 71 82 62 63 42 51 
11 7 2 11 10 7 2 13 9 5 9 3 13 10 7 13 7 10 1 10 10 14 5 6 12 10 1 13 13 4 1 10 4 7 0 11 7 2 4 2 3 9 5 8 9 6 4 5 5 6 1 11 8 5 7 7 10 8 10 2 2 9 7 7 9 6 14 8 11 4 8 14 8 0 4 0 1 8 11 2 10 14 10 0 10 10 3 11 3 12 14 11 11 11 8 1 2 2 9 7 
7 13 13 0 6 5 6 12 3 1 11 3 11 13 4 6 14 8 10 5 8 4 4 9 0 6 11 1 5 4 8 11 10 4 12 2 4 10 3 14 7 7 6 7 8 3 3 4 6 9 13 1 5 8 0 10 6 12 5 7 13 9 7 10 13 10 11 10 1 13 7 5 11 6 4 8 9 5 1 11 2 2 11 2 1 12 12 5 9 11 8 14 0 2 7 8 12 11 7 12 
7 13 14 0 14 7 13 0 10 2 8 1 0 7 4 5 2 13 6 10 10 4 6 7 12 10 1 2 11 9 2 3 8 8 1 0 0 6 3 10 7 1 13 11 5 5 13 3 1 14 0 4 6 2 11 3 10 12 8 4 12 13 4 9 3 13 9 6 7 12 4 6 8 4 3 11 1 4 3 1 1 6 8 5 3 11 1 1 8 3 8 4 8 3 7 1 4 0 5 0 
26 56 54 52 43 69 57 85 86 55 43 83 61 51 55 72 46 55 52 66 81 71 56 78 72 75 66 79 67 77 77 63 62 77 54 58 44 80 51 47 55 63 51 60 91 94 71 73 56 51 71 69 59 53 66 59 63 78 44 57 64 76 72 71 51 49 64 65 71 53 70 72 74 66 85 69 59 62 62 70 82 78 49 72 54 70 70 53 71 84 55 58 59 60 67 50 69 51 42 55 
8 10 13 8 14 6 10 7 4 3 7 3 2 10 12 11 8 9 12 0 5 4 12 6 3 6 6 8 13 2 5 9 11 5 10 8 14 9 5 12 6 3 1 0 4 0 8 13 3 11 1 2 4 13 11 4 13 9 1 0 7 11 8 5 14 10 6 14 9 5 10 14 6 11 14 5 5 0 5 4 6 0 13 11 14 6 10 4 1 3 13 9 13 8 11 12 9 3 7 12 
34 51 60 92 60 52 70 74 69 54 63 49 64 71 72 58 60 47 50 88 53 73 63 72 66 69 67 70 61 63 58 59 60 43 52 69 55 67 61 62 62 56 73 75 52 60 69 55 81 74 61 66 55 66 53 69 49 44 60 80 78 55 54 81 58 67 69 73 67 90 69 44 71 59 67 68 59 99 75 62 57 62 60 58 64 60 57 76 62 72 60 56 48 69 59 70 74 83 33 38 
5 14 12 7 1 6 8 11 12 8 1 11 1 2 0 13 9 1 2 11 6 4 14 13 6 3 7 9 1 5 12 7 11 3 14 13 14 1 12 10 14 1 14 1 0 14 0 10 7 3 7 0 7 4 11 0 14 7 11 14 8 2 7 12 1 4 10 12 10 8 4 7 6 0 7 10 8 3 13 14 8 13 10 9 4 6 9 8 4 11 7 2 7 4 1 13 6 8 9 13 
4 5 1 12 6 2 9 8 9 10 1 1 7 1 5 8 12 0 0 9 3 7 14 10 14 2 9 7 11 5 5 13 0 8 6 5 14 9 1 7 10 9 4 3 8 4 13 12 6 9 9 2 2 2 9 6 6 10 14 4 12 8 8 13 5 14 0 8 10 7 0 0 14 10 9 2 2 3 11 4 12 12 8 2 3 8 1 1 1 6 11 7 0 8 14 8 9 11 14 0 
9 10 6 11 8 13 5 11 14 0 6 2 5 11 2 5 11 1 5 1 0 0 9 2 3 10 4 11 6 10 0 1 9 8 13 9 10 1 12 9 6 9 3 10 10 8 6 3 0 1 10 8 1 9 1 12 8 4 1 11 5 1 8 5 3 6 1 12 2 7 5 0 7 10 6 4 9 2 0 5 13 0 7 0 4 0 11 10 0 9 2 8 14 4 11 11 0 12 4 12 
5 5 12 5 13 6 13 7 12 7 2 5 13 13 6 1 9 10 13 11 8 3 4 7 12 6 3 6 9 10 1 2 9 14 0 9 1 3 8 10 8 6 2 6 14 14 13 9 8 1 6 9 5 11 13 8 5 5 6 4 6 11 8 8 4 0 8 13 7 3 12 1 13 7 9 6 3 8 11 9 11 10 11 11 3 14 5 9 10 1 5 5 9 1 2 1 10 14 5 10 
61 33 76 63 84 49 70 86 79 55 50 55 37 55 72 44 76 48 69 79 60 66 45 61 78 55 59 62 67 62 54 69 71 51 79 39 72 70 63 77 56 58 63 58 53 73 56 88 65 52 56 76 63 63 79 64 60 74 64 48 60 51 55 82 72 73 60 63 54 81 62 75 67 65 50 59 59 51 61 52 40 66 66 66 78 90 90 62 81 68 69 66 53 56 72 81 83 65 56 41 
41 55 82 70 46 60 67 50 52 50 70 53 61 61 46 57 67 100 64 93 48 81 75 48 42 63 62 61 71 73 55 63 60 59 62 51 54 55 66 58 77 70 70 70 92 80 52 80 58 61 61 45 54 60 57 72 72 48 84 57 69 60 58 100 46 51 64 75 64 94 54 74 56 59 57 73 47 52 44 48 44 69 54 62 65 75 83 86 69 68 58 73 62 64 68 59 76 62 44 50 
8 0 11 6 2 12 9 7 4 14 13 0 13 8 4 1 5 4 13 10 13 8 13 4 0 8 9 9 13 12 12 4 10 12 4 4 7 6 10 13 14 5 3 12 7 6 3 11 13 6 6 8 1 0 1 12 0 3 13 7 8 6 13 13 4 4 5 1 9 6 11 1 5 5 12 11 8 2 2 1 8 13 6 13 2 9 5 2 2 5 0 8 9 1 5 3 2 4 13 5 
38 63 52 54 54 66 48 74 61 52 59 71 86 50 49 64 73 43 76 66 72 53 73 76 76 61 77 76 78 68 73 58 68 86 61 68 77 72 76 54 63 69 84 81 46 68 72 78 86 79 48 46 51 55 55 69 56 55 74 73 78 74 69 70 54 43 29 56 87 89 62 44 52 54 61 58 70 53 69 81 70 63 82 62 47 73 81 54 61 51 32 53 71 65 48 61 45 58 46 54 
40 49 65 55 66 54 52 52 73 89 55 76 69 75 48 69 60 61 73 87 74 54 69 56 66 59 69 55 49 67 72 76 80 61 66 73 66 63 53 55 49 68 83 62 55 68 55 40 60 84 45 62 42 70 43 55 87 67 38 84 66 62 62 60 48 52 72 74 65 62 66 64 74 65 48 55 46 60 55 82 57 59 99 69 88 75 96 77 53 67 57 80 62 59 57 59 64 69 43 42 
1 13 1 0 13 10 12 6 0 8 2 9 10 13 12 14 5 6 9 7 2 4 9 7 11 1 10 7 6 8 8 12 4 11 0 0 11 9 13 7 6 2 3 8 2 2 7 6 10 12 7 7 5 12 3 11 10 14 5 11 6 12 14 8 8 12 9 3 9 3 3 14 4 6 4 5 9 1 4 0 13 11 7 14 14 7 6 1 14 10 8 13 7 6 7 2 3 13 12 3 
35 71 67 75 56 54 74 70 47 63 57 73 62 60 63 45 47 51 69 75 68 67 62 69 73 69 58 58 58 70 77 49 68 66 63 87 62 86 59 89 67 66 50 53 68 60 75 74 61 76 66 86 68 71 58 62 69 63 49 54 74 64 70 65 61 61 72 73 58 68 46 80 59 50 53 74 72 73 73 49 70 74 63 79 53 55 63 70 55 72 65 50 44 67 55 66 50 49 44 25 
2 10 1 12 14 1 14 10 6 0 2 13 9 7 6 3 13 5 9 12 4 12 6 2 13 1 11 10 6 7 7 5 7 14 11 4 6 8 8 4 0 4 12 9 2 13 7 3 7 11 1 14 7 9 5 6 8 10 2 11 2 5 4 5 10 2 4 8 8 5 7 14 12 6 12 3 6 2 12 10 8 3 9 5 10 3 14 4 14 1 12 9 2 8 6 7 10 6 1 6 
29 47 62 67 70 71 81 71 69 68 66 72 63 58 58 77 67 58 63 58 79 61 67 83 61 74 58 61 72 53 68 60 53 48 59 60 59 57 71 55 65 55 62 68 56 77 57 74 73 56 79 68 62 74 72 69 59 62 56 50 70 52 57 66 76 66 66 74 66 48 53 73 51 62 71 61 65 57 65 62 70 67 66 89 56 43 57 57 61 71 90 66 79 69 68 67 50 54 41 24 
7 4 5 1 4 4 4 9 12 0 6 12 6 5 6 3 14 11 13 4 0 4 10 12 5 8 7 1 6 12 1 10 12 9 4 9 4 6 1 14 14 12 7 13 8 14 2 8 10 7 10 3 14 9 13 2 14 3 10 7 2 12 9 9 10 5 2 7 1 9 4 7 0 9 14 12 5 10 0 3 13 3 10 1 9 14 2 4 7 2 12 8 0 10 0 0 8 8 10 2 
30 56 73 74 62 61 81 74 54 74 37 39 43 67 75 69 72 54 71 78 65 67 82 76 75 65 72 43 47 56 50 57 61 66 69 63 59 92 82 71 79 55 71 81 58 51 72 56 67 44 70 68 53 77 77 75 72 64 70 54 52 59 52 66 37 60 43 70 80 63 75 57 71 81 65 71 71 77 60 73 45 76 62 49 57 47 58 70 74 69 75 53 53 59 73 54 60 69 49 36 
8 1 5 13 7 7 14 0 10 5 14 6 11 6 4 14 11 4 3 9 10 6 4 7 14 13 5 12 14 7 5 3 2 11 1 6 11 11 11 7 14 12 12 14 12 11 3 5 0 8 11 10 3 12 13 5 5 14 3 10 10 1 4 13 8 12 4 2 5 0 12 0 7 11 8 12 3 5 5 14 8 5 6 3 4 9 6 8 9 5 11 8 11 9 7 11 1 8 6 6 
5 4 2 10 5 0 9 8 0 4 0 5 8 4 3 0 1 0 8 7 12 10 0 8 5 5 13 13 6 13 10 5 4 5 5 4 14 10 7 2 0 11 11 13 2 13 5 1 11 4 1 12 7 0 14 9 11 0 0 4 6 8 6 3 6 3 10 11 9 3 8 2 8 2 5 4 8 12 3 13 7 13 13 1 13 0 12 2 0 2 9 6 6 11 11 9 3 9 6 9 
1 11 5 9 12 10 1 6 13 0 5 12 4 13 11 1 7 13 1 0 0 7 4 5 10 13 9 10 13 6 9 6 2 9 2 13 2 3 12 12 7 0 1 11 9 14 6 9 8 13 11 10 10 12 3 13 1 14 14 7 10 13 10 10 6 8 10 9 1 11 10 4 2 3 9 12 1 1 11 13 2 8 3 11 11 6 9 14 12 11 6 8 8 13 1 4 4 4 2 13 
44 68 73 68 60 66 55 67 65 87 54 76 64 49 53 63 65 49 40 56 78 62 72 54 77 69 59 62 76 77 51 84 52 72 46 55 69 50 61 44 65 51 86 66 68 62 67 70 59 54 47 59 64 47 70 55 94 64 73 81 83 59 86 89 64 66 53 42 69 68 63 54 59 55 69 94 66 61 52 80 50 58 77 85 57 67 52 56 71 70 75 79 39 53 50 55 72 64 54 53 
1 11 12 14 6 1 1 4 0 9 12 6 0 11 4 10 1 3 2 3 4 0 6 14 6 8 10 9 5 7 11 13 3 8 0 12 10 1 1 0 4 10 4 11 7 14 9 10 9 14 0 11 6 11 6 11 13 5 4 13 5 7 6 14 6 1 4 13 8 4 9 2 8 3 14 7 9 5 5 14 2 6 4 0 1 5 1 2 4 12 11 11 1 2 12 10 6 13 5 8 
1 13 11 13 14 14 13 11 3 12 3 7 3 5 4 13 4 8 3 6 8 5 4 3 7 12 13 5 4 2 3 2 4 1 7 5 4 0 8 1 11 9 6 3 4 13 6 1 11 2 1 12 3 0 2 8 9 14 14 0 8 14 13 10 10 2 10 14 12 7 1 1 4 3 7 8 6 14 12 12 14 10 11 8 13 4 4 10 11 8 7 13 13 3 4 0 3 12 13 5 
45 49 52 45 58 39 70 77 50 52 51 50 60 62 79 55 65 59 82 69 73 71 59 66 100 78 64 63 70 78 63 56 68 56 54 88 71 71 55 78 57 83 86 70 80 75 64 63 68 69 56 67 57 56 72 80 50 77 49 34 64 82 64 66 62 63 56 66 76 53 60 40 70 65 45 59 61 66 70 77 89 71 59 87 61 49 52 33 56 67 81 50 51 45 64 66 56 65 67 37 
12 4 3 12 14 3 7 2 6 10 5 12 4 13 4 8 4 14 2 7 4 8 2 5 10 11 14 14 10 3 5 6 4 3 8 3 2 11 3 13 11 4 13 12 0 8 14 2 10 3 4 13 13 13 3 3 11 5 8 4 13 4 4 1 3 14 6 4 3 1 4 2 11 13 13 13 2 8 6 9 6 3 14 9 14 14 2 3 3 6 5 2 13 14 8 7 6 12 4 3 
