10
38 52 48 60 58 73 81 39 70 60 57 39 59 49 56 65 84 54 37 77 66 71 58 65 62 72 46 65 85 79 79 76 62 66 61 65 57 61 53 65 45 85 80 77 82 66 68 58 69 77 83 54 63 53 51 71 68 64 78 88 56 81 42 64 76 96 56 77 47 75 49 74 59 62 32 36 70 81 59 50 55 83 70 57 68 58 64 58 52 69 60 57 58 60 65 67 68 66 58 32 
55 71 67 74 75 73 52 65 46 77 79 97 72 71 49 57 56 69 78 45 45 61 44 71 71 59 67 58 59 58 69 55 51 32 66 77 60 55 74 74 53 72 51 65 71 60 80 76 74 66 87 77 73 51 60 62 83 49 78 81 73 78 55 68 62 66 69 70 65 53 37 57 52 66 44 81 61 61 56 50 85 43 79 55 75 76 50 86 46 65 73 54 58 51 51 51 50 67 61 27 
22 37 45 46 69 67 82 64 62 43 58 60 70 51 64 58 61 44 58 61 63 69 67 68 72 71 73 83 77 57 58 87 66 51 59 76 68 85 85 78 78 66 55 77 54 62 57 71 67 61 56 59 71 48 69 53 57 71 72 53 71 82 60 53 51 79 69 84 51 57 52 70 85 82 72 67 51 62 55 45 73 48 55 53 73 73 39 55 56 65 76 69 59 53 77 75 85 74 61 44 
33 51 64 66 54 55 66 69 60 52 57 51 68 69 69 78 76 72 53 62 70 67 52 77 62 62 78 62 56 76 71 52 45 55 56 67 57 64 71 56 53 59 46 87 64 46 53 48 80 78 99 85 82 78 49 70 58 55 41 43 64 69 69 83 77 69 66 70 47 60 63 83 77 72 79 86 59 76 59 60 45 55 59 65 46 53 53 66 48 55 77 63 79 55 66 85 55 83 65 41 
2 7 13 1 2 3 13 5 3 3 5 9 5 0 6 13 12 11 3 5 2 9 12 14 6 5 4 6 11 12 14 13 13 3 5 0 11 9 4 1 0 8 2 12 10 11 13 10 0 5 5 13 9 5 14 10 13 6 8 12 5 11 11 8 12 3 6 7 14 3 1 11 13 4 5 3 5 11 4 3 13 0 11 14 3 5 8 1 3 5 11 0 11 9 0 5 0 7 14 1 
2 6 13 3 4 14 6 13 9 14 7 7 1 6 3 14 9 0 12 11 11 4 2 8 12 1 12 7 8 4 9 12 11 9 0 8 7 9 5 7 14 6 9 13 14 12 2 9 9 14 9 8 12 3 3 13 11 3 11 0 12 11 7 4 2 12 2 6 5 2 14 5 12 2 12 10 6 9 4 4 7 11 4 13 3 11 11 3 1 3 2 11 7 12 10 5 3 1 11 1 
10 5 4 14 8 0 2 14 12 0 8 0 11 12 7 2 13 8 10 7 10 5 6 8 9 4 4 5 7 9 0 10 11 4 10 2 5 13 3 9 3 7 3 3 11 7 8 6 14 2 13 7 2 2 11 9 6 10 8 4 13 7 11 2 5 1 13 14 11 8 1 5 9 14 11 0 14 5 9 14 2 12 11 8 11 1 7 5 9 9 4 0 12 12 13 4 11 12 2 5 
38 37 35 52 73 57 58 42 59 59 71 39 47 60 77 56 68 72 52 77 59 69 93 58 53 79 65 60 52 85 64 79 53 60 72 64 76 72 41 67 62 68 66 67 70 66 65 54 82 50 34 69 56 76 78 58 62 74 65 77 76 64 58 85 60 71 56 69 84 81 91 63 61 75 36 77 46 62 47 83 82 63 69 54 65 62 58 49 53 65 74 49 61 41 54 69 60 97 63 47 
14 1 14 5 1 8 14 9 6 1 14 2 3 11 10 4 5 6 9 5 12 1 14 10 7 13 3 8 11 7 7 10 5 5 4 12 12 14 5 11 6 7 8 5 5 9 5 4 6 10 14 14 13 3 13 10 1 10 2 10 4 7 14 2 2 8 8 9 0 4 10 10 9 4 0 5 5 4 1 2 9 4 8 2 13 3 4 6 2 0 0 8 3 12 6 2 7 5 13 6 
36 60 80 49 81 64 65 58 61 55 45 57 71 88 82 58 60 78 66 58 74 55 77 58 62 64 57 67 62 73 65 62 59 54 64 74 74 65 57 62 70 64 74 58 79 52 74 62 52 75 74 71 79 70 47 58 86 81 65 51 60 46 74 42 43 81 60 81 45 69 97 63 69 50 68 72 65 67 49 59 64 69 67 57 51 63 55 49 52 70 69 61 57 79 54 45 51 69 43 60 
