249
47
24 206 143900
16 24 36441
179 24 852570
245 206 256727
107 245 408818
117 107 573915
202 206 881137
181 107 813033
8 181 666996
33 179 893788
88 16 415791
225 245 681952
193 225 66730
66 225 664694
169 179 26687
17 16 758004
46 181 487902
238 245 909314
43 8 983945
116 245 94302
74 17 56728
37 206 679001
9 17 92214
124 202 253464
102 238 463905
195 169 433555
75 195 426862
247 179 494745
128 24 57347
176 24 683082
80 238 815964
162 16 321500
136 195 611143
30 17 244567
187 238 383911
99 46 442841
109 8 516661
131 102 170706
130 46 222074
175 109 931977
183 116 67862
22 162 359126
199 179 34684
167 179 27877
170 162 70452
44 193 259705
105 109 907736
188 80 129767
25 179 741911
197 74 836247
115 188 623285
106 124 184711
249 202 898633
122 197 15751
14 181 596158
226 8 518270
11 128 728786
73 106 166371
36 11 802906
51 175 734469
204 30 626940
123 124 354052
241 136 714611
216 73 357781
48 80 541007
161 8 914882
95 115 306
232 115 700328
182 225 941716
96 48 231991
86 225 976320
235 161 598197
103 37 522261
53 43 787644
6 51 440646
163 117 536887
158 53 458715
20 122 780201
129 122 733037
145 24 682471
59 182 785838
151 8 307288
153 88 184158
108 99 355644
84 202 530519
171 249 302562
229 179 720770
177 188 484977
40 161 763744
180 86 235232
67 161 769730
120 197 19325
98 88 570257
178 53 112362
213 115 797639
87 131 536987
113 177 10100
35 124 534938
82 36 956666
215 95 371204
237 245 178705
212 129 437961
2 80 365956
89 225 895535
227 136 881394
92 43 183247
168 249 241101
101 199 489431
209 179 951647
29 102 939142
246 206 532032
149 226 532723
4 188 278241
47 43 650055
77 86 146885
233 212 981886
148 122 287234
234 14 768747
52 51 204548
244 120 302961
64 151 805322
210 167 127626
18 43 934760
156 158 982275
190 96 189315
91 74 285630
21 123 221656
100 235 168367
63 151 964022
157 53 850399
1 245 85823
219 75 473773
126 115 46058
164 182 632584
76 59 772996
189 73 166006
85 64 963691
54 99 709712
140 20 334417
137 216 871043
10 66 175039
152 21 965840
57 163 621200
114 116 764365
184 181 230194
144 25 995555
191 122 893480
203 107 180046
186 53 921674
201 120 160032
141 98 396739
56 164 56062
70 144 671954
200 11 749153
23 161 3722
222 170 707158
220 210 753427
31 89 295806
165 181 983334
62 31 143119
112 227 544917
12 220 541457
78 187 93504
243 203 222946
135 40 329441
72 75 528819
119 89 612225
79 66 591753
205 180 940161
240 171 661885
208 66 168146
154 72 89276
34 243 914557
41 91 380551
224 8 964444
58 182 784948
32 245 878239
150 195 347691
142 195 613256
55 89 1194
146 75 252271
26 91 254850
221 46 3071
207 55 53528
134 72 149303
147 232 427428
242 189 907754
223 22 52405
60 219 146559
42 146 695980
90 169 657330
71 22 995900
166 100 505681
155 76 128368
230 154 718207
118 151 960741
110 219 363701
38 57 548620
174 103 105724
61 241 158314
28 227 985716
15 25 978135
68 21 189840
211 92 227970
218 60 439512
104 25 863467
49 216 943782
172 137 387368
248 77 73577
133 112 226721
45 195 462821
192 40 852884
13 63 839281
194 207 958801
81 192 954680
97 81 219327
239 33 797625
214 234 875413
185 35 770694
160 208 392802
173 230 797896
5 193 100742
228 23 949370
94 92 458039
139 239 115625
231 35 324093
198 64 243643
3 4 705461
93 208 868965
121 183 404946
65 182 377331
217 204 80599
39 166 562308
111 224 178719
127 40 457739
236 152 403733
159 93 986384
143 177 902076
19 70 264941
27 9 11945
138 28 343697
125 16 312835
83 199 373312
196 230 818954
69 223 177424
132 195 275789
50 96 666350
7 235 862707
