923
3
485 106 414207
141 106 400023
700 141 772822
490 141 14130
270 700 197408
763 485 464410
405 700 206048
525 141 445693
617 485 207243
12 490 381689
70 12 379020
857 700 374116
14 70 175425
906 270 295493
219 405 649340
274 906 22041
794 700 722370
687 794 933392
49 70 664271
403 617 658573
716 525 224593
291 14 212073
17 270 391849
524 525 404912
772 906 972845
161 617 911970
654 270 307880
262 403 966708
158 70 133848
749 270 126476
815 291 390511
657 763 443657
293 906 748691
430 403 740025
592 857 765918
714 490 705313
810 490 501727
546 270 229816
529 485 764375
768 772 393452
251 772 747836
855 687 471516
379 525 627705
101 714 10780
662 158 27180
509 49 828085
912 687 376487
858 485 628386
194 274 895793
359 101 246420
507 141 484802
384 749 749102
871 654 313162
681 592 506057
198 12 870634
866 546 924466
160 430 862136
373 17 254183
631 700 480128
807 403 417566
355 871 485118
798 529 705214
18 716 470757
751 274 143780
596 161 773404
103 485 704735
285 525 566139
711 70 402997
41 509 346962
104 700 498396
159 103 534114
493 749 328897
822 871 660066
541 274 890244
16 49 54012
39 219 563577
149 219 737613
867 14 753513
877 104 551208
343 293 186448
770 285 460436
80 403 897949
173 359 257097
544 631 745332
781 70 338295
126 70 195247
779 507 916480
256 772 119897
72 822 631417
803 681 864498
53 529 265581
166 871 101870
886 867 123417
253 751 212341
288 256 190385
555 546 614884
332 70 923097
367 855 238091
656 654 561069
97 285 323694
176 596 909690
279 293 955908
884 546 484739
196 751 210362
909 541 862333
710 253 549041
502 714 303699
54 279 990844
473 596 32419
246 541 917411
419 12 622654
649 509 76578
481 485 883820
66 405 282731
329 592 368742
347 12 831072
43 711 636442
171 481 26970
385 367 109611
314 617 306085
212 196 391726
663 687 395905
167 270 19054
916 546 301666
84 97 676201
922 16 9841
795 866 162385
35 12 397258
421 779 341580
583 219 185724
759 385 974452
29 314 298635
62 246 399255
349 803 382449
233 161 323640
908 104 836313
412 770 47565
190 171 777187
500 329 666047
677 103 58275
203 794 379117
491 711 907233
192 256 978409
640 525 773530
99 700 600697
61 710 86526
889 198 76247
766 270 612080
243 212 707890
386 97 752522
671 546 513899
182 884 957718
461 332 643353
353 285 726805
533 671 62597
131 886 557244
840 473 869166
420 763 783474
334 419 676038
475 803 740180
715 167 78260
204 194 749745
25 714 193872
297 246 27982
79 43 541354
492 54 45667
65 99 954755
75 359 906908
664 420 683282
275 262 969433
612 385 721280
573 759 531567
467 524 954285
47 212 957861
48 99 165929
551 48 235639
165 687 820411
299 192 89430
207 912 283550
63 541 755750
474 285 52927
764 16 442942
668 663 709568
784 194 356908
344 555 13688
394 198 670063
630 176 943665
876 794 859707
600 204 395240
522 485 637048
753 243 53393
180 198 343811
214 858 18768
292 663 517612
73 662 90497
496 840 793782
504 779 447025
498 203 209306
705 293 634595
463 759 769733
37 334 720652
459 54 69717
464 198 533271
741 171 950944
125 182 483617
577 529 882157
644 25 540030
725 73 486777
135 759 203122
762 173 526323
428 207 763577
898 405 93312
790 334 8001
913 498 42168
98 54 276842
744 649 11111
411 219 68557
907 66 718733
465 522 17074
466 546 167390
74 49 205591
392 555 158019
785 355 874672
455 583 39383
363 877 630626
123 256 367723
848 715 371719
36 716 169091
443 106 649325
68 912 591831
303 285 750743
267 784 866770
213 781 110779
593 473 923670
881 753 649474
556 481 500214
237 16 143691
851 714 624059
209 12 131816
4 36 616351
223 53 314655
765 810 17429
302 4 321962
526 509 615871
109 48 913527
853 292 363063
221 135 570537
143 573 686023
486 171 660822
651 898 202096
112 39 572103
87 36 311527
477 741 734971
7 97 355859
357 465 236516
231 461 43409
684 668 639529
210 857 469424
843 765 166882
510 853 46709
648 600 841183
205 909 555288
396 285 559713
733 16 512837
230 160 30239
472 784 151516
682 810 748418
185 41 526961
667 329 143849
653 246 771021
375 87 5095
258 61 66347
891 481 942336
838 125 441148
724 843 88111
874 62 347300
825 504 331363
239 353 316794
120 161 847166
582 355 889164
636 303 548948
217 385 289497
445 631 963570
678 855 541397
313 600 741844
669 196 527016
557 419 977326
147 798 928943
423 803 156516
748 373 377402
904 751 347218
686 143 516044
574 313 940997
564 158 945310
32 612 707263
845 173 408092
91 749 721143
222 194 922599
637 230 21079
690 654 764113
326 904 402429
538 574 975972
211 653 31098
615 203 376988
806 275 135574
232 768 901288
618 493 867658
304 762 762349
818 445 503620
327 874 847299
607 428 494311
774 759 869814
732 70 102152
71 396 568390
294 48 29874
609 161 73575
736 243 595426
374 35 808130
885 212 95436
424 48 879730
804 583 489237
691 592 359304
216 592 427415
342 843 375560
426 297 674464
869 583 964009
90 656 482675
434 557 383769
306 881 810885
915 420 82551
685 293 629633
586 84 202775
581 615 903365
296 65 375553
242 524 790051
208 871 732082
532 871 812769
638 876 309017
346 507 724473
917 334 434012
376 671 963354
164 120 767441
446 507 26661
337 65 684613
369 651 628080
55 855 499064
816 715 769350
561 120 481055
78 784 279654
238 279 884897
30 656 203840
301 467 727003
578 668 523259
133 313 969820
404 763 954929
923 32 776233
758 500 218161
796 104 457018
488 443 433404
452 251 365434
6 724 574344
814 369 349899
150 405 379713
542 556 641409
652 845 339587
370 35 106338
495 822 796641
624 160 511981
721 396 441441
856 231 350095
604 194 915070
225 66 578863
520 373 272421
154 253 279331
862 796 799032
674 48 775545
824 84 463182
910 353 378032
761 452 569584
191 270 496764
215 582 520222
918 651 86597
236 125 657352
743 212 170920
572 434 984341
888 32 636468
830 877 382880
360 526 323887
756 678 39606
241 891 335503
156 656 688857
377 337 442497
255 871 671680
57 491 21093
311 638 560597
257 741 38352
317 491 629493
775 306 337673
448 423 438452
339 150 675020
33 404 939927
846 452 320970
259 16 408919
366 922 704359
27 262 254884
621 770 970427
435 70 166240
659 262 457426
371 374 431456
833 18 698348
197 888 978031
786 219 628221
483 816 719115
5 556 582574
747 359 3429
826 481 559066
289 342 758053
728 79 688530
646 205 127652
548 907 976857
15 615 831728
157 53 252457
58 30 763724
760 70 347884
286 532 345005
626 485 781892
13 912 559870
389 12 483012
697 845 822493
83 239 947956
449 359 37532
50 353 728721
559 557 33985
738 804 649227
323 491 171590
611 922 318021
388 886 21721
892 159 751896
515 133 901149
569 918 463184
497 455 611176
817 18 14701
264 669 607683
116 843 415652
719 756 118445
89 814 542172
128 779 338712
742 607 300657
622 222 410218
93 180 262580
616 541 93245
436 600 759017
540 644 771103
82 297 537096
187 404 303763
597 741 105469
841 913 705359
362 496 477928
81 420 634044
703 147 675549
175 690 996858
298 222 233701
335 509 883161
295 205 922363
102 768 674720
265 133 536976
60 37 848841
731 774 218311
224 630 298691
717 912 727546
658 326 842223
9 176 816691
110 669 277220
163 5 205492
458 663 489643
566 339 75632
287 270 152964
797 477 294671
315 845 436063
752 255 452334
887 475 826467
1 370 302556
801 421 409003
52 363 501598
320 748 99844
844 700 875180
447 465 565488
829 855 673586
590 446 769382
789 344 311313
132 149 396112
608 904 381659
780 156 652875
235 887 946138
220 917 490027
162 747 54410
38 110 846068
395 33 731546
905 524 697186
879 838 912687
310 180 69666
902 772 808544
921 314 602454
252 165 25467
56 669 89749
769 608 214655
278 449 236905
365 653 148384
750 542 482832
836 54 943879
69 705 424891
633 845 37967
401 674 666962
193 176 686857
787 104 40494
107 838 839224
178 608 703517
26 797 886934
647 686 678306
151 384 658061
735 236 197298
828 55 578559
331 360 168120
410 678 883390
2 403 967122
494 483 414549
666 7 602193
613 43 890557
433 69 142653
324 315 242409
269 475 71439
358 833 617723
643 116 511222
740 243 647884
478 371 954706
821 592 629736
576 690 549052
568 223 145999
96 495 105980
479 574 399606
179 182 350161
708 736 757444
202 421 819885
21 781 81429
3 609 464758
186 274 293882
137 36 342534
10 561 344887
819 618 340651
688 337 934340
51 384 415080
512 510 242636
350 657 972979
174 303 772721
170 510 272117
849 643 913671
601 90 439885
356 857 808276
672 55 894285
599 512 647318
469 80 97531
523 769 915197
623 297 519058
67 763 648236
514 4 58110
414 912 349373
111 583 737444
575 194 104250
340 862 507991
86 848 652517
406 220 484452
129 434 304048
628 514 222471
799 493 290054
499 526 41395
378 906 315648
437 204 298126
153 209 227441
563 541 928115
122 682 333467
699 293 962351
130 572 961335
650 275 130628
776 223 225777
330 269 563945
536 126 706665
325 542 288327
184 150 303732
813 190 731326
387 714 747545
606 72 462878
788 337 799444
431 721 887279
727 724 853718
307 111 685801
453 908 995331
155 246 145084
620 52 824178
247 238 789066
451 107 472881
911 326 48744
734 479 870783
316 452 210720
914 426 176528
854 265 210802
693 485 420109
518 166 313166
528 514 473553
398 369 991068
890 419 140524
300 909 344693
145 785 988708
118 497 745191
895 759 555375
195 190 146997
391 710 598587
361 469 855828
354 170 33382
127 564 506031
284 459 979142
893 253 50787
100 412 594338
440 911 437380
290 699 727287
899 548 237591
508 876 710964
254 797 311830
823 748 166526
85 221 14255
834 887 950701
134 212 398853
835 52 468557
397 79 282349
702 107 421022
773 770 315890
534 335 749973
321 30 139154
875 69 251417
460 387 506367
117 845 644550
777 710 461983
19 327 944301
454 714 656140
277 857 76306
660 376 123924
901 166 627628
683 259 819002
381 194 159529
417 194 607092
333 918 889448
76 888 570987
105 533 738365
530 127 865790
878 721 1648
565 473 139839
860 375 131006
713 299 34100
641 9 656279
152 195 268311
281 546 443871
808 118 100375
675 908 607341
228 623 696213
739 732 180686
338 294 643559
348 401 439811
811 158 122009
31 205 273662
865 724 118567
352 886 535274
183 648 426692
489 493 786976
610 170 629206
450 362 775347
632 811 475448
468 734 685669
832 196 340663
146 843 314671
676 825 628565
138 270 834173
603 743 219721
754 721 153263
837 796 448764
250 87 863449
34 2 320141
64 551 622468
588 69 117711
709 498 776299
413 789 260678
480 733 342655
95 306 877294
308 64 494756
425 12 96372
567 845 672498
585 468 486778
44 25 534836
737 412 374487
694 787 838316
778 492 242069
629 736 62477
249 658 616561
218 520 309952
809 843 912543
407 567 924703
114 303 669315
226 593 253885
244 556 91897
457 865 484188
746 843 313742
77 620 203958
28 420 996036
545 504 777461
558 192 194002
402 551 768763
40 102 850658
456 717 829146
309 533 139538
200 778 818780
698 678 627508
382 576 879677
318 601 901261
863 57 550188
189 83 719001
181 526 474126
706 486 211589
471 874 90107
482 3 59828
614 133 587647
537 818 168059
661 5 236762
46 215 932581
341 354 558337
531 82 100656
695 721 228442
383 499 318734
589 339 532484
720 196 857189
418 509 483725
639 326 794767
591 814 561273
579 466 736154
240 555 497602
393 353 177929
470 189 333075
319 846 673745
172 486 290635
903 616 414
598 186 917504
345 134 791500
701 534 276346
861 622 380525
805 55 46964
328 69 357833
148 785 513758
422 638 824538
266 694 823966
372 149 622604
634 740 673034
689 561 770179
850 862 846639
280 120 975445
642 257 997134
864 507 839307
273 613 301529
882 323 5604
792 178 718266
827 797 676370
282 850 957901
487 700 594811
511 317 117857
20 899 520762
718 150 617083
665 881 559003
880 326 74003
783 593 754467
59 171 914133
873 63 159237
897 230 888225
227 829 478254
655 890 668812
442 337 227194
595 468 840796
168 54 375100
605 908 236496
234 163 323323
627 328 111765
723 714 806895
206 906 51730
390 540 22344
570 643 590622
587 82 939879
745 475 335684
543 428 714979
368 423 805190
438 479 993350
920 447 574103
139 522 507981
462 657 141471
679 234 49260
260 54 901115
767 184 575111
248 778 616571
88 801 10042
729 74 933666
432 803 991634
670 682 746025
872 84 146001
696 442 413437
415 481 794286
859 28 730876
23 83 897171
730 921 266812
439 138 364958
441 315 648708
625 877 384096
429 843 439376
894 514 298017
680 361 189842
839 93 988122
115 292 406763
427 363 911097
820 133 528630
800 118 858208
870 64 271294
24 374 628775
45 460 248387
619 775 233110
42 785 850810
771 132 333483
245 264 569097
547 646 275866
94 370 127823
539 120 7432
136 383 276377
692 805 68239
505 250 51310
380 222 468797
22 538 490373
602 68 543509
283 626 436809
276 758 595532
124 369 147868
108 392 30093
312 224 542737
476 363 221494
140 149 320304
552 337 344281
521 112 679478
847 390 233084
726 243 659155
305 773 206617
831 690 462058
322 2 432671
506 666 525332
707 637 429103
519 558 226525
113 773 118815
261 764 754246
554 211 655226
704 881 188289
503 566 724222
553 615 43384
336 582 936413
416 466 887303
755 176 359293
408 320 299389
842 775 115705
635 75 928351
92 497 458013
400 171 927269
119 743 625517
8 879 909819
584 658 706783
580 497 599489
142 116 780956
812 203 520459
791 713 649604
201 436 24930
562 888 286695
712 407 755265
409 805 755916
144 382 430873
645 878 235310
271 428 659597
673 138 120121
263 30 299255
900 546 618130
527 398 159713
868 284 459980
399 146 942989
722 244 774388
121 584 803054
883 287 274822
594 795 311660
919 136 418486
268 478 752612
229 471 65448
793 304 789414
501 719 376184
802 139 846837
484 66 201395
782 525 418698
169 299 648539
513 153 212817
550 413 79207
560 606 673195
896 679 439041
571 497 867370
852 505 407814
549 356 382808
444 175 275210
516 762 366897
351 64 334033
199 573 92452
535 582 687191
188 368 248662
757 780 309897
177 423 921438
272 647 103818
364 851 94730
517 541 279663
11 475 951193
